0 0 0 0 0 0 0 0 40.5914926113282 0 0 0 0 0 0 0 0 0 0 0 0 0 -18.0689835648295 0 0 0 0 0 0 0 0 -27.693916511488 0 0 0 0 0 -22.9301351586873 0 0 0 0 0 0 0 0 0 0 0 0 0 0 0 0 0 0 0 0 0 0 0 20.9058007757742 0 3.85956311282064 1 0 0 0 0 0 0 0 0 0 0 0 0 0 0 0 0 0 0 0 0 0 0 0 0 0 0 0 0 0 0 0 0 0 0 0 0 0 0 0 0 0 0 0 0 0 0 0 0 0 0 0 0 0 0 0 0 0 0 0 0 0 0 0 -237.906695983596
0 0 0 0 0 0 0 0 -38.9088469062614 0 0 0 0 0 0 10.1048419179078 0 0 0 0 0 0 0 0 0 0 0 0 6.72546870739824 0 -1.73194350658791 0 0 0 0 0 0 0 0 0 0 0 0 0 0 0 0 0 0 0 -18.7768665889105 0 0 0 0 0 0 0 0 0 0 0 0 0 0 1 0 0 0 0 0 0 0 0 0 0 0 0 0 0 0 0 0 0 0 0 0 0 0 0 0 0 0 0 0 0 0 0 0 0 0 0 0 0 0 0 0 0 0 0 0 0 0 0 0 0 0 0 0 0 0 0 0 0 0 0 0 0 -42.7028500223106
0 0 0 0 0 0 0 0 0 42.2806369327744 0 0 0 0 0 0 0 0 0 0 0 0 0 0 0 0 0 0 0 0 0 0 35.5168877486 0 0 0 49.2934081086942 0 0 0 0 0 0 -9.16265367658925 0 0 0 0 0 0 0 0 0 0 0 0 0 0 0 0 0 0 10.8617942543265 0 0 0 1 0 0 0 0 0 0 0 0 0 0 0 0 0 0 0 0 0 0 0 0 0 0 0 0 0 0 0 0 0 0 0 0 0 0 0 0 0 0 0 0 0 0 0 0 0 0 0 0 0 0 0 0 0 0 0 0 0 0 0 0 0 737.903160447326
0 0 0 -28.3047310765909 0 17.606806790399 0 0 0 0 0 0 36.880486854525 0 0 0 0 0 -21.896961780986 -14.0140762677159 0 0 0 0 0 0 0 0 0 0 0 0 0 0 0 0 0 0 0 0 0 0 0 0 0 0 0 0 0 0 0 0 0 0 0 0 0 0 0 0 0 0 0 0 0 0 0 1 0 0 0 0 0 0 0 0 0 0 0 0 0 0 0 0 0 0 0 0 0 0 0 0 0 0 0 0 0 0 0 0 0 0 0 0 0 0 0 0 0 0 0 0 0 0 0 0 0 0 0 0 0 0 0 0 0 0 0 0 -117.100571706855
0 0 0 0 0 0 0 0 0 0 14.401271098249 0 0 0 0 0 0 0 0 0 0 0 0 0 0 0 0 0 0 0 0 0 0 0 0 0 0 0 0 0 0 0 0 0 0 0 0 0 10.1242671701994 0 0 2.23932482661708 0 0 0 0 0 0 0 0 0 0 0 0 0 0 0 0 1 0 0 0 0 0 0 0 0 0 0 0 0 0 0 0 0 0 0 0 0 0 0 0 0 0 0 0 0 0 0 0 0 0 0 0 0 0 0 0 0 0 0 0 0 0 0 0 0 0 0 0 0 0 0 0 0 0 0 0 142.004453396028
0 0 0 0 0 0 0 31.5335104328433 0 0 0 0 0 0 0 0 0 44.5234257592179 0 0 0 0 0 0 0 0 0 0 0 0 0 0 0 -37.4410480285955 0 0 0 0 0 0 12.4618054304086 0 0 5.29145402868562 0 0 0 0 0 0 0 0 0 0 0 -26.5181626748294 0 0 0 0 0 0 0 0 0 0 0 0 0 1 0 0 0 0 0 0 0 0 0 0 0 0 0 0 0 0 0 0 0 0 0 0 0 0 0 0 0 0 0 0 0 0 0 0 0 0 0 0 0 0 0 0 0 0 0 0 0 0 0 0 0 0 0 0 0 0 0 0 368.72868255881
0 0 -15.2944278839094 0 0 0 0 0 0 0 0 0 -6.20127617265266 0 0 0 0 0 0 0 27.7814745388526 0 0 0 0 0 0 0 0 0 0 0 0 0 0 0 0 0 0 0 0 0 -40.3848720280727 0 0 0 19.9407031570345 0 0 0 0 0 0 0 0 0 0 0 0 0 0 0 47.9087851350716 0 0 0 0 0 0 0 1 0 0 0 0 0 0 0 0 0 0 0 0 0 0 0 0 0 0 0 0 0 0 0 0 0 0 0 0 0 0 0 0 0 0 0 0 0 0 0 0 0 0 0 0 0 0 0 0 0 0 0 0 0 0 0 0 0 264.736428844926
0 0 0 0 0 0 0 1.86211062198813 0 0 0 0 0 0 0 0 0 0 0 0 0 0 0 0 0 0 0 0 42.1035690960603 0 0 0 0 0 0 0 0 -39.257715745336 0 0 0 -21.5762051997612 0 0 0 4.96711860361146 0 0 0 0 -23.3858383833939 0 0 0 0 0 0 0 0 0 0 0 0 8.11010087557806 0 0 0 0 0 0 0 1 0 0 0 0 0 0 0 0 0 0 0 0 0 0 0 0 0 0 0 0 0 0 0 0 0 0 0 0 0 0 0 0 0 0 0 0 0 0 0 0 0 0 0 0 0 0 0 0 0 0 0 0 0 0 0 0 -319.779482117327
0 0 0 0 0 0 0 0 0 -30.7214257395533 0 0 0 0 0 0 0 0 0 0 0 0 -41.9093078015958 0 0 0 0 0 0 0 0 0 0 0 0 -42.8557207962148 0 0 0 0 0 0 0 0 0 0 0 30.5048934234655 0 0 0 0 0 0 0 0 0 0 0 0 0 0 0 0 0 0 0 0 0 0 0 0 1 0 0 0 0 0 0 0 0 0 0 0 0 0 0 0 0 0 0 0 0 0 0 0 0 0 0 0 0 0 0 0 0 0 0 0 0 0 0 0 0 0 0 0 0 0 0 0 0 0 0 0 0 0 0 0 -500.148363446846
34.4562696870149 0 0 0 0 0 0 0 0 0 0 0 0 0 0 0 0 0 0 0 0 -33.1252728186214 0 37.2868932393079 0 0 0 0 0 0 0 0 12.8248445039887 0 -45.353058184582 0 16.60182458542 0 0 0 0 0 0 0 0 0 0 0 0 0 0 0 0 0 49.2904951433073 0 0 0 0 0 0 0 0 0 0 0 0 0 0 0 0 0 0 1 0 0 0 0 0 0 0 0 0 0 0 0 0 0 0 0 0 0 0 0 0 0 0 0 0 0 0 0 0 0 0 0 0 0 0 0 0 0 0 0 0 0 0 0 0 0 0 0 0 0 0 0 0 0 -183.249898003541
0 0 0 -18.4097587864692 0 0 -1.86687719378188 0 0 0 0 0 0 0 0 -23.9349401836871 0 0 0 0 0 0 0 -49.5574449150607 0 0 0 0 0 8.03938449571717 0 0 0 0 0 0 0 0 0 0 0 0 0 0 0 32.6835835018328 0 0 0 0 0 0 0 0 0 0 0 0 -9.83839972303652 0 -12.5417282339142 0 0 0 0 0 0 0 0 0 0 0 0 0 1 0 0 0 0 0 0 0 0 0 0 0 0 0 0 0 0 0 0 0 0 0 0 0 0 0 0 0 0 0 0 0 0 0 0 0 0 0 0 0 0 0 0 0 0 0 0 0 0 0 0 0 0 0 -347.338707036562
0 0 0 0 0 0 0 -30.4900706804328 0 0 0 17.4960371426905 -7.12118968246638 0 0 0 0 0 0 0 0 0 0 0 0 0 0 0 0 0 0 0 0 0 0 0 -17.6235101346464 0 0 0 0 0 0 -9.72796317830613 0 0 0 0 -38.4913399427022 0 0 0 0 0 0 0 0 0 0 0 0 22.3188457871917 0 0 0 0 0 0 0 0 0 0 0 0 0 1 0 0 0 0 0 0 0 0 0 0 0 0 0 0 0 0 0 0 0 0 0 0 0 0 0 0 0 0 0 0 0 0 0 0 0 0 0 0 0 0 0 0 0 0 0 0 0 0 0 0 0 0 -45.5190057945831
-8.03816970789562 0 0 0 0 0 0 0 0 0 0 0 0.326883238391362 0 0 0 0 -29.0214642570994 0 0 0 0 -37.0279870160352 49.0803001772434 0 0 0 0 0 0 0 0 0 0 0 0 0 0 0 0 0 0 0 0 0 0 0 0 0 0 0 0 0 -5.83443545373599 0 0 19.9103672801488 0 0 0 0 0 0 0 0 0 0 0 0 0 0 0 0 0 0 0 1 0 0 0 0 0 0 0 0 0 0 0 0 0 0 0 0 0 0 0 0 0 0 0 0 0 0 0 0 0 0 0 0 0 0 0 0 0 0 0 0 0 0 0 0 0 0 0 0 0 0 0 -50.4638525508817
0 0 0 0 0 25.2360382216593 0 0 0 0 0 0 0 0 0 0 0 0 0 0 -2.09310600921661 0 0 0 0 0 0 0 0 14.0624864387457 0 0 0 0 0 0 0 0 0 0 0 0 8.53747034147334 0 48.2527380103546 0 0 0 0 0 0 0 0 27.7243563949348 0 0 0 0 0 0 0 0 0 0 0 0 0 0 0 0 0 0 0 0 0 0 0 1 0 0 0 0 0 0 0 0 0 0 0 0 0 0 0 0 0 0 0 0 0 0 0 0 0 0 0 0 0 0 0 0 0 0 0 0 0 0 0 0 0 0 0 0 0 0 0 0 0 0 607.138496302427
0 18.2668568845804 0 0 -11.1890462026192 0 0 0 0 0 0 0 0 0 0 0 0 0 0 0 0 -1.26773189885564 0 0 0 0 0 0 0 0 0 0 0 0 0 0 0 0 0 20.1174714517033 0 0 0 0 0 0 0 0 0 0 -10.7464564443128 0 0 18.6990479814291 0 0 0 0 0 0 0 0 0 0 0 0 0 0 0 0 0 0 0 0 0 0 0 0 1 0 0 0 0 0 0 0 0 0 0 0 0 0 0 0 0 0 0 0 0 0 0 0 0 0 0 0 0 0 0 0 0 0 0 0 0 0 0 0 0 0 0 0 0 0 0 0 0 0 323.517866723338
0 0 0 0 -40.1865506203626 0 0 0 0 0 0 18.6449705482308 0 0 0 0 0 0 0 0 0 0 0 0 0 4.31551091835896 0 0 0 0 0 0 0 0 0 -3.50709877956543 0 0 0 0 0 0 0 0 0 0 0 0 27.514375036132 0 0 0 -33.8523326641552 0 43.0504929587466 0 0 0 0 0 0 -39.2404206319425 0 0 0 0 0 0 0 0 0 0 0 0 0 0 0 0 0 1 0 0 0 0 0 0 0 0 0 0 0 0 0 0 0 0 0 0 0 0 0 0 0 0 0 0 0 0 0 0 0 0 0 0 0 0 0 0 0 0 0 0 0 0 0 0 0 0 -194.221528984868
0 0 0 0 0 0 0 -31.0938605374435 0 0 0 0 0 0 0 0 27.7630934933444 0 0 0 0 0 0 0 0 0 0 0 0 0 28.4026571412456 0 0 0 0 0 0 0 0 0 0 0 0 0 0 0 0 0 0 0 0 0 0 0 21.9323757998046 0 0 0 0 0 0 0 0 0 0 0 0 0 0 0 0 0 0 0 0 0 0 0 0 0 1 0 0 0 0 0 0 0 0 0 0 0 0 0 0 0 0 0 0 0 0 0 0 0 0 0 0 0 0 0 0 0 0 0 0 0 0 0 0 0 0 0 0 0 0 0 0 0 346.261638162705
0 0 0 0 0 0 0 0 0 0 0 0 0 0 0 0 0 0 0 0 0 0 49.4379964516601 0 49.4761776133167 0 0 0 0 0 0 0 0 0 0 0 0 0 0 -18.9678648646801 0 0 0 0 0 0 0 0 0 0 0 0 0 44.380419737066 0 0 0 0.761655184965793 0 0 0 0 0 0 0 0 0 0 0 0 0 0 0 0 0 0 0 0 0 0 0 1 0 0 0 0 0 0 0 0 0 0 0 0 0 0 0 0 0 0 0 0 0 0 0 0 0 0 0 0 0 0 0 0 0 0 0 0 0 0 0 0 0 0 0 0 0 0 457.851022375329
0 0 0 0 0 0 0 0 0 0 0 0 0 0 0 0 0 0 0 0 0 16.9846427251061 0 0 0 0 35.3455624209435 0 0 0 0 0 0 0 0 0 0 0 0 0 0 0 0 0 0 0 39.418878591545 0 0 0 0 0 0 0 0 0 0 0 0 0 2.73061370211487 0 0 0 0 0 0 0 0 0 0 0 0 0 0 0 0 0 0 0 0 0 1 0 0 0 0 0 0 0 0 0 0 0 0 0 0 0 0 0 0 0 0 0 0 0 0 0 0 0 0 0 0 0 0 0 0 0 0 0 0 0 0 0 0 0 0 0 407.229871227198
0 0 0 0 0 -36.7268130845084 0 0 0 0 0 0 0 5.24675212345774 0 0 0 0 0 0 36.056585568669 0 38.0107027004536 0 1.76287257019899 0 0 0 0 0 0 0 0 0 0 0 0 0 0 0 0 0 0 0 0 0 0 0 0 0 0 0 -29.7987239201058 0 0 0 0 0 0 0 -11.1361740303406 0 0 -29.3696408619572 0 0 0 0 0 0 0 0 0 0 0 0 0 0 0 0 0 0 0 1 0 0 0 0 0 0 0 0 0 0 0 0 0 0 0 0 0 0 0 0 0 0 0 0 0 0 0 0 0 0 0 0 0 0 0 0 0 0 0 0 0 0 0 0 -446.727034848634
0 0 -1.29500046238222 0 0 0 0 0 0 0 0 0 0 0 48.6653711751066 0 0 0 0 -31.5294102992014 6.32516538982358 0 0 0 0 0 0 0 0 0 0 0 0 0 0 0 0 0 0 0 0 0 -11.0102312982901 0 0 0 0 0 -47.689969610507 0 0 0 0 0 0 0 0 0 0 0 0 0 0 0 0 0 0 0 0 0 0 0 0 0 0 0 0 0 0 0 0 0 0 0 1 0 0 0 0 0 0 0 0 0 0 0 0 0 0 0 0 0 0 0 0 0 0 0 0 0 0 0 0 0 0 0 0 0 0 0 0 0 0 0 0 0 0 0 -69.5511295109073
0 0 0 0 0 0 0 -46.7075380712873 -49.1836281708737 19.0522572409128 0 0 0 0 0 0 0 0 0 0 0 -11.5804720448029 0 0 0 0 0 0 0 0 0 0 0 0 0 0 0 0 0 0 0 0 0 0 0 0 -37.2470267605139 0 0 0 0 0 0 0 0 0 0 0 0 0 0 37.170023082059 0 0 0 0 0 0 0 0 0 0 0 0 0 0 0 0 0 0 0 0 0 0 0 1 0 0 0 0 0 0 0 0 0 0 0 0 0 0 0 0 0 0 0 0 0 0 0 0 0 0 0 0 0 0 0 0 0 0 0 0 0 0 0 0 0 0 -25.3832568492167
17.3768033517813 4.52177888381219 0 0 0 0 0 0 0 0 0 -33.2933222988338 0 0 -20.0044510548184 0 0 0 0 0 0 0 0 0 0 0 0 0 0 0 0 -13.1136160974682 0 0 0 0 0 0 0 0 45.6325314558599 0 0 0 0 0 0 0 0 0 0 0 0 0 -8.84967980259204 0 0 0 0 0 0 0 0 0 0 0 0 0 0 0 0 0 0 0 0 0 0 0 0 0 0 0 0 0 0 0 1 0 0 0 0 0 0 0 0 0 0 0 0 0 0 0 0 0 0 0 0 0 0 0 0 0 0 0 0 0 0 0 0 0 0 0 0 0 0 0 0 0 -162.748443614255
0 0 0 0 0 0 21.4131398290645 0 0 0 0 23.7174165476161 0 0 0 0 0 -49.092270872771 0 0 0 0 0 47.2794580164857 0 0 0 0 0 0 0 0 0 33.6899689793712 0 0 0 0 0 0 0 0 0 0 0 0 0 0 0 0 0 0 0 0 0 0 0 0 0 0 0 0 0 0 0 0 0 0 0 0 0 0 0 0 0 0 0 0 0 0 0 0 0 0 0 0 0 1 0 0 0 0 0 0 0 0 0 0 0 0 0 0 0 0 0 0 0 0 0 0 0 0 0 0 0 0 0 0 0 0 0 0 0 0 0 0 0 0 102.332190177592
0 0 0 0 0 0 0 0 0 0 0 0 0 0 0 0 0 0 49.9884833581677 0 0 0 0 0 0 0 0 0 0 0 0 0 0 0 0 0 -9.68810960580174 0 0 0 0 0 0 0 31.001811126725 0 0 0 0 0 0 0 0 0 0 0 0 0 0 0 0 0 0 0 0 0 0 0 0 0 0 0 0 0 0 0 0 0 0 0 0 0 0 0 0 0 0 0 1 0 0 0 0 0 0 0 0 0 0 0 0 0 0 0 0 0 0 0 0 0 0 0 0 0 0 0 0 0 0 0 0 0 0 0 0 0 0 0 485.748881795296
31.5265394124251 0 0 0 0 0 0 0 0 0 -31.7155166944043 37.7287471474206 0 0 0 0 -8.84802087470263 0 0 0 0 0 0 0 0 0 11.6910362112106 2.8507290091457 0 0 -22.7979791347421 45.7148645996142 0 0 0 0 0 0 -7.65192154930444 0 0 0 0 0 0 -3.9484975433149 0 0 0 0 0 -21.9504098686903 0 0 0 0 0 0 0 0 0 15.7163939944276 0 0 0 0 0 0 0 0 0 0 0 0 0 0 0 0 0 0 0 0 0 0 0 0 0 0 0 1 0 0 0 0 0 0 0 0 0 0 0 0 0 0 0 0 0 0 0 0 0 0 0 0 0 0 0 0 0 0 0 0 0 0 0 0 0 0 323.861336499091
0 0 0 0 0 0 0 0 0 0 0 0 0 0 0 -42.1457712232427 0 1.37852097986743 0 0 0 0 0 15.246319487809 0 26.1357225353749 0 0 0 0 0 0 0 0 0 0 0 0 0 0 0 0 0 0 0 0 0 0 0 0 0 0 0 0 0 0 0 0 0 0 -46.7740334209271 0 0 0 0 0 0 0 0 0 0 0 0 0 0 0 0 0 0 0 0 0 0 0 0 0 0 0 0 0 1 0 0 0 0 0 0 0 0 0 0 0 0 0 0 0 0 0 0 0 0 0 0 0 0 0 0 0 0 0 0 0 0 0 0 0 0 0 -554.526967395957
0 0 0 5.81364303951268 0 0 0 0 0 0 0 -48.791199294764 0 8.85700549601463 0 0 0 0 0 0 0 0 0 0 0 0 0 -28.7795003062488 0 11.7639222182001 0 0 0 0 0 0 0 0 0 0 -47.195578727635 0 0 0 26.3584144450112 0 0 0 0 0 0 0 0 0 0 0 0 0 0 0 0 0 0 0 0 0 0 0 0 0 0 0 0 0 0 0 0 0 0 0 0 0 0 0 0 0 0 0 0 0 0 1 0 0 0 0 0 0 0 0 0 0 0 0 0 0 0 0 0 0 0 0 0 0 0 0 0 0 0 0 0 0 0 0 0 0 0 0 -823.178997684687
0 0 0 0 0 0 0 0 -8.20796214608027 0 0 0 0 0 0 0 0 0 0 0 0 0 0 0 0 0 0 0 0 12.1024765614919 0 0 0 -23.3484689378748 0 0 0 0 0 0 0 0 0 0 -46.4195894751479 0 0 0 0 0 0 0 0 0 0 0 0 0 0 0 0 0 0 0 0 0 0 0 0 0 0 0 0 0 0 0 0 0 0 0 0 0 0 0 0 0 0 0 0 0 0 0 1 0 0 0 0 0 0 0 0 0 0 0 0 0 0 0 0 0 0 0 0 0 0 0 0 0 0 0 0 0 0 0 0 0 0 0 -48.6087629582236
0 0 0 0 0 0 0 0 0 31.3241124210785 0 0 0 0 0 0 0 0 0 0 0 0 0 0 0 0 0 0 0 0 0 0 0 0 0 0 0 0 0 15.569971414759 0 0 0 0 0 11.3711575294465 0 33.9970285601455 0 0 0 0 0 0 46.9954964956449 0 0 0 0 0 0 0 0 0 0 0 0 0 0 0 0 0 0 0 0 0 0 0 0 0 0 0 0 0 0 0 0 0 0 0 0 0 0 1 0 0 0 0 0 0 0 0 0 0 0 0 0 0 0 0 0 0 0 0 0 0 0 0 0 0 0 0 0 0 0 0 0 0 848.46888105011
0 0 0 0 0 0 0 0 0 0 0 0 0 0 0 0 0 0 3.72973624894746 0 0 0 0 0 0 0 -21.451444365007 0 0 0 0 0 -29.43723020919 0 0 0 0 0 0 0 0 0 0 -44.1749353721533 0 0 0 42.1249219056322 0 0 0 0 33.3408489754901 0 -40.6196219402676 0 0 0 0 47.4348714397345 0 0 42.4896966636977 0 0 0 0 0 0 0 0 0 0 0 0 0 0 0 0 0 0 0 0 0 0 0 0 0 0 0 0 0 0 0 1 0 0 0 0 0 0 0 0 0 0 0 0 0 0 0 0 0 0 0 0 0 0 0 0 0 0 0 0 0 0 0 0 0 130.200749694333
0 0 0 0 0 -1.25500266621525 0 0 0 0 0 0 0 0 -40.5612954506488 0 0 5.76367319764111 0 0 0 29.8056327704756 0 0 0 0 0 0 0 0 0 0 0.487098942146147 0 0 0 0 0 0 0 0 0 0 0 -14.5276283326194 0 0 0 0 0 0 0 0 0 0 0 0 0 -20.8265757277918 0 36.462962660169 0 0 0 0 0 0 0 0 0 0 0 0 0 0 0 0 0 0 0 0 0 0 0 0 0 0 0 0 0 0 0 0 0 0 1 0 0 0 0 0 0 0 0 0 0 0 0 0 0 0 0 0 0 0 0 0 0 0 0 0 0 0 0 0 0 0 0 27.7099910718852
29.2615771891623 0.362906615073084 0.0761121247839342 21.3722735313489 -15.0155309985442 -13.2945086006923 0 -2.64716959324555 -6.99265874071109 -7.96658375107362 -28.0339995187706 37.6437922370574 -27.8476361740146 0 -4.46575678527035 25.5754831020086 -7.82094819181204 4.8019817917166 16.5339093108632 12.4348215129861 -0.37175413554963 4.48588997395859 0 -9.25198365365878 0 -14.2475706645156 23.0955316202316 2.51981818365381 0 0 -20.1516040949465 39.3558460599899 -4.52134869489329 -4.74159186587393 0 -1.31041230527603 -6.27511869836827 0 -6.76369132175352 -2.63091311104255 5.24053454383318 0 0.647113358503258 1.8365362949448 0 -5.41158312441357 8.93668402146014 -5.74459809801517 13.0835490620512 0 0 -19.4024201347554 -12.6487778285229 0 7.43438243119931 -3.35830087717791 0 0 0 0 29.3699628900832 4.51466147545536 -1.38272135845953 0 0 0 0 0 0 0 0 0 0 0 0 0 0 0 0 0 0 0 0 0 0 0 0 0 0 0 0 0 0 0 0 0 0 0 0 0 0 0 0 0 0 0 0 0 0 0 0 0 0 0 0 0 0 0 0 0 0 0 0 0 0 0 0 0 0
