-22.4022911067556 0 0 0 0 -45.7213860212397 37.0653354651164 0 0 0 0 0 0 0 0 0 38.784437050419 0 0 0 -12.804941992114 0 0 0 0 0 0 0 0 0 -35.1126064615115 0 0 0 0 0 0 0 0 0 0 0 0 0 0 0 0 0 0 0 0 -33.0684758674718 0 0 0 0 -33.7177110984446 0 0 0 0 9.52206248146819 0 0 1 0 0 0 0 0 0 0 0 0 0 0 0 0 0 0 0 0 0 0 0 0 0 0 0 0 0 0 0 0 0 0 0 0 0 0 0 0 0 0 0 0 0 0 0 0 0 0 0 0 0 0 0 0 0 0 0 0 0 0 0 0 0 0 -682.779386906567
0 0 0 35.1465538187106 -45.5887168682794 0 0 0 0 9.01110103322387 0 0 0 0 0 0 0 0 0 0 0 0 0 0 0 0 0 0 0 0 0 0 0 0 0 0 0 0 0 0 0 0 0 0 0 0 0 0 0 0 -25.220747503345 0 0 0 0 0 -28.1511132575774 0 0 0 0 0 0 0 0 1 0 0 0 0 0 0 0 0 0 0 0 0 0 0 0 0 0 0 0 0 0 0 0 0 0 0 0 0 0 0 0 0 0 0 0 0 0 0 0 0 0 0 0 0 0 0 0 0 0 0 0 0 0 0 0 0 0 0 0 0 0 0 -452.751876505901
0 0 0 0 0 0 0 0 0 0 22.844499372862 0 0 0 -31.6918498341775 0 0 0 0 0 0 0 0 0 -39.3062356180299 0 0 0 0 0 0 0 0 0 0 0 0 0 0 0 0 0 0 0 0 0 0 -4.68924434294563 0 0 0 -30.6284738222583 0 0 0 0 0 0 0 0 0 0 0 0 0 0 1 0 0 0 0 0 0 0 0 0 0 0 0 0 0 0 0 0 0 0 0 0 0 0 0 0 0 0 0 0 0 0 0 0 0 0 0 0 0 0 0 0 0 0 0 0 0 0 0 0 0 0 0 0 0 0 0 0 0 0 0 0 -256.642040156185
0 0 0 -12.8040950085389 0 0 0 -31.6239432043889 0 0 0 0 0 0 0 0 0 38.6769244664499 0 0 0 0 0 0 0 0 -28.651338802783 0 0 0 0 0 0 0 0 0 0 0 4.2774791896146 -33.4724928128771 0 0 0 0 -5.17273583110345 0 0 0 0 0 0 0 0 32.2608156007469 0 0 0 -2.74588653628162 0 0 0 37.9506494609336 0 0 0 0 0 1 0 0 0 0 0 0 0 0 0 0 0 0 0 0 0 0 0 0 0 0 0 0 0 0 0 0 0 0 0 0 0 0 0 0 0 0 0 0 0 0 0 0 0 0 0 0 0 0 0 0 0 0 0 0 0 0 0 0 0 0 -210.238106550552
0 0 15.6411272643043 4.79092423818547 0 0 0 0 0 1.85608344228649 0 0 -7.46423699387687 0 0 0 0 31.2118817242681 0 0 0 14.2029938812838 0 0 0 -31.5727377090853 0 0 0 0 0 0 0 0 0 0 0 0 0 0 0 0 0 0 0 0 0 0 0 49.7703838502922 0 0 -1.16123848080154 0 0 0 0 0.923546859436641 0 26.4175999223294 0 0 0 0 0 0 0 0 1 0 0 0 0 0 0 0 0 0 0 0 0 0 0 0 0 0 0 0 0 0 0 0 0 0 0 0 0 0 0 0 0 0 0 0 0 0 0 0 0 0 0 0 0 0 0 0 0 0 0 0 0 0 0 0 0 0 0 0 847.961942632784
0 0 0 0 0 0 0 0 0 0 0 0 0 0 0 0 0 0 0 0 0 0 0 0 0 0 0 0 0 0 0 0 0 0 0 0 0 0 0 0 0 0 0 0 0 0 17.4589495770682 0 0 0 22.5291646609568 0 0 0 0 0 0 0 0 0 0 0 -27.7739661974823 0 0 0 0 0 0 1 0 0 0 0 0 0 0 0 0 0 0 0 0 0 0 0 0 0 0 0 0 0 0 0 0 0 0 0 0 0 0 0 0 0 0 0 0 0 0 0 0 0 0 0 0 0 0 0 0 0 0 0 0 0 0 0 0 0 172.972098867575
0 0 0 0 0 -11.6915061199299 0 0 -15.3836785252263 0 0 0 0 0 0 0 0 0 0 0 0 0 0 0 0 0 0 0 0 0 0 0 34.1847895082889 0 0 0 0 0 0 0 0 0 0 0 0 0 0 0 0 0 0 0 0 0 0 0 0 0 0 0 0 47.5266291839263 0 0 0 0 0 0 0 0 1 0 0 0 0 0 0 0 0 0 0 0 0 0 0 0 0 0 0 0 0 0 0 0 0 0 0 0 0 0 0 0 0 0 0 0 0 0 0 0 0 0 0 0 0 0 0 0 0 0 0 0 0 0 0 0 0 0 150.073350486804
0 0 0 -21.7825761999542 0 0 0 0 0 0 0 0 47.5571215353995 0 0 0 10.2170430559249 0 0 0 0 0 -31.3055084457463 0 0 0 -3.66705911966378 0 0 0 0 0 0 0 0 0 -37.5832845818748 0 0 19.9965061845979 0 0 0 25.8414596317139 0 0 0 0 0 0 0 0 0 0 0 0 0 0 0 0 0 0 0 0 0 0 0 0 0 0 0 1 0 0 0 0 0 0 0 0 0 0 0 0 0 0 0 0 0 0 0 0 0 0 0 0 0 0 0 0 0 0 0 0 0 0 0 0 0 0 0 0 0 0 0 0 0 0 0 0 0 0 0 0 0 0 0 0 324.852287539183
0 0 0 -2.0252182168756 0 0 18.3120937856991 0 21.8049584621942 0 0 0 0 0 0 0 0 0 -28.7216882715663 0 -35.9579765606289 -1.93075897703737 0 0 0 49.940712796102 0 0 38.0797576664816 0 0 0 0 0 -46.1074351008811 0 0 44.8633435946305 39.2860439819072 0 0 0 -28.7674968769699 0 0 0 0 0 0 48.1948743627835 0 0 0 0 0 0 0 0 0 0 0 0 -24.5453008015459 0 0 0 0 0 0 0 0 0 1 0 0 0 0 0 0 0 0 0 0 0 0 0 0 0 0 0 0 0 0 0 0 0 0 0 0 0 0 0 0 0 0 0 0 0 0 0 0 0 0 0 0 0 0 0 0 0 0 0 0 0 0 0 0 0 778.193173052297
0 0 0 0 0 0 0 0 0 0 0 0 0 0 0 0 0 0 0 0 0 0 0 0 0 0 0 0 0 0 0 0 0 0 0 0 0 0 0 0 0 0 12.6856435030855 0 1.87671074096761 0 0 0 0 -0.515895395027077 0 -25.3396248413066 0 0 0 0 0 0 0 0 0 0 0 0 0 0 0 0 0 0 0 0 0 1 0 0 0 0 0 0 0 0 0 0 0 0 0 0 0 0 0 0 0 0 0 0 0 0 0 0 0 0 0 0 0 0 0 0 0 0 0 0 0 0 0 0 0 0 0 0 0 0 0 0 0 0 0 0 -40.5540923420319
0 0 -43.6244090685356 0 0 0 0 0 0 -33.1556476461124 0 0 0 0 0 0 0 0 0 16.4876218884106 0 0 0 0 20.6078172516633 35.8070212968541 0 -23.0174247891725 0 0 0 0 0 0 0 0 0 0 0 0 0 0 0 -47.753070900518 0 0 0 0 0 0 0 0 0 0 0 0 0 0 0 0 0 0 0 0 0 0 0 0 0 0 0 0 0 0 1 0 0 0 0 0 0 0 0 0 0 0 0 0 0 0 0 0 0 0 0 0 0 0 0 0 0 0 0 0 0 0 0 0 0 0 0 0 0 0 0 0 0 0 0 0 0 0 0 0 0 0 0 0 -518.20130686954
0 0 0 0 0 0 0 0 5.8130327502484 0 0 0 0 0 0 0 -30.102476408669 0 0 0 0 0 0 0 0 0 0 0 0 0 0 0 0 0 0 0 0 0 0 0 42.0241156708524 -22.4901899837851 -27.1039678318231 0 0 0 0 0 0 0 0 0 0 0 0 0 0 0 0 0 0 0 0 0 0 0 0 0 0 0 0 0 0 0 0 1 0 0 0 0 0 0 0 0 0 0 0 0 0 0 0 0 0 0 0 0 0 0 0 0 0 0 0 0 0 0 0 0 0 0 0 0 0 0 0 0 0 0 0 0 0 0 0 0 0 0 0 0 -172.206610387515
0 0 0 0 0 0 0 0 0 0 0 0 0 0 0 0 0 0 0 0 1.81496732431041 -24.3939919155516 0 0 0 0 0 0 0 0 0 0 0 0 0 0 -48.385139400476 0 0 0 47.6485753531106 0 0 0 0 0 0 0 0 0 0 39.8779900812044 0 0 0 0 0 0 0 0 0 0 0 45.9210169820479 0 0 0 0 0 0 0 0 0 0 0 0 1 0 0 0 0 0 0 0 0 0 0 0 0 0 0 0 0 0 0 0 0 0 0 0 0 0 0 0 0 0 0 0 0 0 0 0 0 0 0 0 0 0 0 0 0 0 0 0 0 0 0 0 253.992628321869
0 0 0 0 0 0 34.4525897262394 0 0 0 0 0 0 0 0 0 0 0 0 0 0 0 0 0 0 0 0 0 0 0 0 0 0 -11.9034730988162 0 0 0 0 0 0 0 0 0 0 0 0 -41.0398147928121 0 0 0 0 0 0 0 0 0 0 0 0 0 0 0 0 0 0 0 0 0 0 0 0 0 0 0 0 0 0 1 0 0 0 0 0 0 0 0 0 0 0 0 0 0 0 0 0 0 0 0 0 0 0 0 0 0 0 0 0 0 0 0 0 0 0 0 0 0 0 0 0 0 0 0 0 0 0 0 0 0 -303.859543310849
23.2737407850429 0 0 0 0 0 0 0 0 0 0 18.2573594018766 0 0 0 0 0 0 -6.48311714700592 0 0 0 0 0 0 0 0 0 0 0 0 0 0 0 0 0 0 0 0 0 0 0 0 0 0 0 -35.6796228417239 0 0 0 0 0 0 0 0 0 -19.2894667988867 0 0 0 0 18.0316594528726 0 0 0 0 0 0 0 0 0 0 0 0 0 0 0 0 1 0 0 0 0 0 0 0 0 0 0 0 0 0 0 0 0 0 0 0 0 0 0 0 0 0 0 0 0 0 0 0 0 0 0 0 0 0 0 0 0 0 0 0 0 0 0 0 0 0 -166.604075307279
0 0 0 0 0 0 0 0 0 0 0 0 0 0 0 0 0.394504558024633 0 23.4657144040491 14.8020233562405 0 0 0 0 0 0 0 0 0 0 0 0 0 0 0 -43.2169008589581 49.4697439228609 0 0 0 0 0 0 0 0 0 0 0 0 0 0 0 0 0 0 0 0 0 0 0 0 0 -31.8847337951066 0 0 0 0 0 0 0 0 0 0 0 0 0 0 0 0 1 0 0 0 0 0 0 0 0 0 0 0 0 0 0 0 0 0 0 0 0 0 0 0 0 0 0 0 0 0 0 0 0 0 0 0 0 0 0 0 0 0 0 0 0 0 0 0 0 19.423475820147
0 0 0 0 0 -3.95438654754141 6.07414486991632 0 0 15.6192827141443 0 0 0 31.2219715498105 0 0 0 0 0 27.6363668498162 0 0 0 0 0 0 0 0 0 0 0 0 -20.3427680717163 0 -31.9762867106785 0 0 0 0 0 34.1914500842652 15.4456077148135 0 0 0 0 0 0 0 0 10.7937880814636 0 0 0 0 0 0 0 0 0 -2.2544159085628 0 0 0 0 0 0 0 0 0 0 0 0 0 0 0 0 0 0 0 1 0 0 0 0 0 0 0 0 0 0 0 0 0 0 0 0 0 0 0 0 0 0 0 0 0 0 0 0 0 0 0 0 0 0 0 0 0 0 0 0 0 0 0 0 0 0 0 225.103513888064
0 0 0 0 0 0 0 0 0 0 0 0 0 0 0 0 0 0 0 0 0 0 0 0 0 0 0 0 0 0 0 0 0 0 0 11.1578903563123 0 0 -12.1718595180599 0 0 0 0 0 0 0 0 0 0 36.6344205764303 0 0 0 0 -1.97362433636377 -3.89823465124786 0 0 0 0 0 0 0 -19.8372884313773 0 0 0 0 0 0 0 0 0 0 0 0 0 0 0 0 0 1 0 0 0 0 0 0 0 0 0 0 0 0 0 0 0 0 0 0 0 0 0 0 0 0 0 0 0 0 0 0 0 0 0 0 0 0 0 0 0 0 0 0 0 0 0 0 204.925596286475
0 0 0 0 0 0 0 0 0 0 0 0 0 0 0 0 0 5.46959474092793 0 0 0 0 0 0 0 0 0 0 0 0 0 0 0 0 0 0 0 0 0 0 7.59602723163398 0 0 0 0 0 0 0 0 0 0 0 0 0 0 0 0 0 0 0 0 0 0 0 0 0 0 0 0 0 0 0 0 0 0 0 0 0 0 0 0 0 1 0 0 0 0 0 0 0 0 0 0 0 0 0 0 0 0 0 0 0 0 0 0 0 0 0 0 0 0 0 0 0 0 0 0 0 0 0 0 0 0 0 0 0 0 0 72.243572678224
0 0 0 0 0 0 0 0 0 0 0 0 0 0 0 0 0 0 0 0 0 0 0 0 0 0 0 0 0 0 0 0 0 0 0 0 -35.5805536032947 0 0 0 0 0 0 0 0 0 0 0 0 22.122459695607 0 0 0 0 0 0 0 0 0 0 0 0 -29.9913121262921 0 0 0 0 0 0 0 0 0 0 0 0 0 0 0 0 0 0 0 0 1 0 0 0 0 0 0 0 0 0 0 0 0 0 0 0 0 0 0 0 0 0 0 0 0 0 0 0 0 0 0 0 0 0 0 0 0 0 0 0 0 0 0 0 0 50.9916856141312
0 0 0 0 0 0 0 0 0 0 0 0 0 0 0 0 -22.0465565185911 0 0 0 0 0 0 19.8643664268975 0 0 0 0 0 0 0 0 0 0 0 0 0 0 0 0 0 0 -30.9395752102261 0 0 0 0 -7.80703076593293 0 0 0 0 0 0 0 -29.2311363697663 0 0 0 0 0 0 0 0 0 0 0 0 0 0 0 0 0 0 0 0 0 0 0 0 0 0 0 0 1 0 0 0 0 0 0 0 0 0 0 0 0 0 0 0 0 0 0 0 0 0 0 0 0 0 0 0 0 0 0 0 0 0 0 0 0 0 0 0 0 0 0 0 -292.44800811002
0 -36.1313371753071 0 0 0 0 0 0 0 0 0 0 31.376078125687 0 0 0 0 0 0 0 0 0 -17.1542852639813 0 0 0 0 0 0 0 0 0 0 0 0 0 0 0 -1.94146682219344 0 0 0 0 0 0 0 0 0 0 0 0 0 0 0 -43.300822913006 0 0 0 0 0 0 -41.7953925245565 0 -18.2540775535007 0 0 0 0 0 0 0 0 0 0 0 0 0 0 0 0 0 0 0 0 0 1 0 0 0 0 0 0 0 0 0 0 0 0 0 0 0 0 0 0 0 0 0 0 0 0 0 0 0 0 0 0 0 0 0 0 0 0 0 0 0 0 0 0 -271.04911142511
0 0 -18.5421761510619 0 0 0 0 -16.1905412430296 0 0 0 0 0 0 0 0 0 0 0 0 0 0 0 0 0 0 0 0 0 15.4030136678766 0 0 0 0 0 0 -7.97795676537399 0 0 0 0 33.208414701159 37.4214483404143 0 0 0 4.96928578214269 0 0 0 0 0 0 0 0 0 0 -16.1985721015345 0 0 0 4.19828098092847 0 0 0 0 0 0 0 0 0 0 0 0 0 0 0 0 0 0 0 0 0 0 0 0 1 0 0 0 0 0 0 0 0 0 0 0 0 0 0 0 0 0 0 0 0 0 0 0 0 0 0 0 0 0 0 0 0 0 0 0 0 0 0 0 0 0 200.995878271319
0 0 0 0 -24.9276376294869 -13.1827666343413 0 0 0 0 0 0 0 34.9716776680209 0 0 0 0 0 0 0 0 0 0 0 0 36.526300185754 0 0 0 0 0 0 0 0 0 0 0 0 0 0 0 0 0 0 0 0 0 0 -42.5887428218416 0 0 0 0 0 44.4984828938343 0 0 0 0 0 -48.4682586958145 0 0 0 0 0 0 0 0 0 0 0 0 0 0 0 0 0 0 0 0 0 0 0 0 0 1 0 0 0 0 0 0 0 0 0 0 0 0 0 0 0 0 0 0 0 0 0 0 0 0 0 0 0 0 0 0 0 0 0 0 0 0 0 0 0 0 44.9305449274275
0 0 0 0 0 0 0 0 0 0 0 0 0 -42.0728166535023 0 0 0 0 0 0 0 0 0 0 0 0 0 0 0 0 0 0 0 0 0 0 0 0 0 0 0 25.3844468977097 -12.7134496584214 0 0 0 0 0 0 0 0 0 0 -29.0574489689811 0 0 0 0 0 0 0 0 0 0 0 0 0 0 0 0 0 0 0 0 0 0 0 0 0 0 0 0 0 0 0 0 0 0 1 0 0 0 0 0 0 0 0 0 0 0 0 0 0 0 0 0 0 0 0 0 0 0 0 0 0 0 0 0 0 0 0 0 0 0 0 0 0 0 -136.339265900101
0 0 0 0 0 33.6255072315228 0 35.8092406718105 0 0 0 0 0 0 0 0 0 0 0 0 0 0 0 27.2723636301004 0 0 0 0 0 0 0 0 0 0 0 0 0 0 0 0 -15.1908423098545 46.7610393581713 0 0 0 0 0 0 0 0 0 0 0 0 0 0 0 0 0 0 0 0 0 0 0 0 0 0 0 0 0 0 0 0 0 0 0 0 0 0 0 0 0 0 0 0 0 0 0 1 0 0 0 0 0 0 0 0 0 0 0 0 0 0 0 0 0 0 0 0 0 0 0 0 0 0 0 0 0 0 0 0 0 0 0 0 0 0 703.085125069969
-17.4904150164152 0 0 0 0 0 0 0 0 0 0 0 0 0 0 0 0 0 0 0 0 0 0 0 0 0 0 0 0 0 0 0 0 0 0 0 0 0 0 6.41085741368064 0 0 0 -27.8611075138726 0 0 0 0 0 0 0 0 0 0 0 0 8.70843466572438 0 -18.3292715910351 0 0 0 0 0 0 0 0 0 0 0 0 0 0 0 0 0 0 0 0 0 0 0 0 0 0 0 0 0 0 0 1 0 0 0 0 0 0 0 0 0 0 0 0 0 0 0 0 0 0 0 0 0 0 0 0 0 0 0 0 0 0 0 0 0 0 0 0 0 -346.77645202357
0 0 0 20.4951876907341 0 0 0 0 0 -42.8231333303151 0 0 0 0 0 0 0 0 0 0 0 0 0 0 -40.896561426678 0 0 0 0 0 0 0 0 0 0 -31.5262195042517 0 0 0 0 0 0 0 0 0 0 0 0 0 0 0 0 0 -30.7432306390998 -34.3526927144528 0 0 0 0 0 0 -22.7637884639204 0 0 0 0 0 0 0 0 0 0 0 0 0 0 0 0 0 0 0 0 0 0 0 0 0 0 0 0 0 1 0 0 0 0 0 0 0 0 0 0 0 0 0 0 0 0 0 0 0 0 0 0 0 0 0 0 0 0 0 0 0 0 0 0 0 0 -626.751693699234
0 0 -31.7281373546136 0 0 0 0 0 0 0 0 0 0 0 0 0 0 0 0 -46.4699006215488 0 0 0 0 0 0 0 0 0 0 0 0 0 -42.903982193081 0 0 0 0 -47.755282674554 0 0 0 0 0 0 0 11.3274631502406 0 0 0 0 -22.9058966795496 0 0 0 0 0 0 0 0 0 0 0 0 0 0 0 0 0 0 0 0 0 0 0 0 0 0 0 0 0 0 0 0 0 0 0 0 0 0 0 0 1 0 0 0 0 0 0 0 0 0 0 0 0 0 0 0 0 0 0 0 0 0 0 0 0 0 0 0 0 0 0 0 0 0 0 0 -866.681843524577
0 -3.03261889246981 -32.4279075319707 31.1093221301696 0 0 0 0 0 0 0 0 0 0 0 0 0 0 0 0 0 -48.0668418962479 0 0 1.32458435963937 0 0 41.7745692046801 0 0 0 24.8218153830494 0 27.9645854992402 0 0 0 0 0 0 0 0 0 0 0 0 0 0 0 0 0 0 0 0 0 0 0 0 0 0 0 0 0 0 0 0 0 0 0 0 0 0 0 0 0 0 0 0 0 0 0 0 0 0 0 0 0 0 0 0 0 0 0 1 0 0 0 0 0 0 0 0 0 0 0 0 0 0 0 0 0 0 0 0 0 0 0 0 0 0 0 0 0 0 0 0 0 0 -4.14846274539278
0 0 0 -13.4528670519339 0 46.3155493098156 0 0 0 0 0 0 0 0 0 0 -14.5031452100486 0 0 0 0 0 37.356990879639 0 0 0 0 0 0 0 0 0 0 0 0 0 0 0 0 0 0 0 0 0 0 0 0 0 23.4859734726765 0 0 0 0 0 0 0 0 0 0 0 0 0 0 0 0 0 0 0 0 0 0 0 0 0 0 0 0 0 0 0 0 0 0 0 0 0 0 0 0 0 0 0 0 0 1 0 0 0 0 0 0 0 0 0 0 0 0 0 0 0 0 0 0 0 0 0 0 0 0 0 0 0 0 0 0 0 0 0 469.325695390309
0 0 -7.76241824209218 0 0 0 0 0 0 0 0 0 0 0 0 0 0 0 0 0 1.42482979352739 0 -16.4165599297346 0 0 -38.5441769894991 0 0 0 0 0 0 0 28.6755705953708 0 0 0 0 -2.46641220895922 0 0 0 0 0 -35.6370471965289 -1.35439590063768 0 0 40.6938876165123 0 0 0 0 0 0 0 0 -6.04181695825727 0 0 0 15.7547067160447 0 0 0 0 0 0 0 0 0 0 0 0 0 0 0 0 0 0 0 0 0 0 0 0 0 0 0 0 0 0 0 0 0 1 0 0 0 0 0 0 0 0 0 0 0 0 0 0 0 0 0 0 0 0 0 0 0 0 0 0 0 0 0 0 0 0 -326.073916740628
0 0 0 0 0 0 0 0 0 0 0 0 0 -3.94348666197377 0 0 0 0 0 0 0 0 0 0 0 0 0 0 0 0 0 0 0 0 0 0 0 -38.4087622716847 0 0 0 0 0 0 0 0 -15.0883774351234 0 0 0 0 0 0 0 -20.21617141893 0 0 0 0 0 0 0 0 0 0 0 0 0 0 0 0 0 0 0 0 0 0 0 0 0 0 0 0 0 0 0 0 0 0 0 0 0 0 0 0 0 1 0 0 0 0 0 0 0 0 0 0 0 0 0 0 0 0 0 0 0 0 0 0 0 0 0 0 0 0 0 0 0 -467.836060536008
0 0 0 0 0 0 0 0 0 -49.4940962675997 0 0 0 -33.3423793638251 0 0 0 0 0 0 0 0 0 0 0 0 0 0 0 0 0 0 0 0 0 0 0 0 0 0 0 37.459107637577 0 0 0 0 0 0 0 0 0 0 0 0 0 0 0 0 0 23.509224596079 0 0 0 0 0 0 0 0 0 0 0 0 0 0 0 0 0 0 0 0 0 0 0 0 0 0 0 0 0 0 0 0 0 0 0 0 0 1 0 0 0 0 0 0 0 0 0 0 0 0 0 0 0 0 0 0 0 0 0 0 0 0 0 0 0 0 0 0 367.239909229963
0 0 0 0 0 0 0 0 0 0 0 0 0 0 0 0 0 0 -43.0102078918803 0 0 0 0 0 0 -35.0773611053464 0 0 0 0 0 0 0 0 0 0 0 0 43.9615803359515 0 0 0 0 0 0 38.0934457010678 0 0 -17.5327430730752 0 0 0 0 0 0 -3.67717952288515 0 0 0 0 0 0 0 0 0 0 0 0 0 0 0 0 0 0 0 0 0 0 0 0 0 0 0 0 0 0 0 0 0 0 0 0 0 0 0 0 0 0 1 0 0 0 0 0 0 0 0 0 0 0 0 0 0 0 0 0 0 0 0 0 0 0 0 0 0 0 0 0 -328.681255832106
21.7829437947366 0 0 0 0 -7.15509753261816 0 0 0 0 0 0 0 0 0 0 0 0 0 0 0 0 0 0 0 0 0 0 0 0 0 0 0 0 0 0 0 0 0 0 0 0 0 3.59415547591522 0 0 0 0 0 0 0 0 0 0 0 0 0 0 0 0 0 0 0 0 0 0 0 0 0 0 0 0 0 0 0 0 0 0 0 0 0 0 0 0 0 0 0 0 0 0 0 0 0 0 0 0 0 0 0 1 0 0 0 0 0 0 0 0 0 0 0 0 0 0 0 0 0 0 0 0 0 0 0 0 0 0 0 0 156.289345605369
0 0 0 0 0 45.0283741733992 0 0 0 0 0 0 0 0 0 0 0 0 0 0 0 0 0 0 0 0 0 0 -0.195898732209054 0 0 0 0 0 0 0 0 0 0 0 0 0 0 31.7509395856816 0 0 0 0 0 0 0 0 23.5727293059089 0 0 0 0 0 0 0 0 0 0 0 0 0 0 0 0 0 0 0 0 0 0 0 0 0 0 0 0 0 0 0 0 0 0 0 0 0 0 0 0 0 0 0 0 0 0 0 1 0 0 0 0 0 0 0 0 0 0 0 0 0 0 0 0 0 0 0 0 0 0 0 0 0 0 0 762.923370229114
-34.1800821955604 0 0 0 0 0 0 0 0 0 0 0 0 0 0 29.1624879856484 0 0 0 -48.6316643216001 0 0 0 0 0 0 0 0 0 0 0 0 0 0 0 0 0 0 0 0 0 0 0 0 0 0 0 0 0 22.3489412615181 0 0 0 0 0 0 0 0 0 0 -0.755715576027172 0 0 0 0 0 0 0 0 0 0 0 0 0 0 0 0 0 0 0 0 0 0 0 0 0 0 0 0 0 0 0 0 0 0 0 0 0 0 0 0 1 0 0 0 0 0 0 0 0 0 0 0 0 0 0 0 0 0 0 0 0 0 0 0 0 0 0 -177.405933440316
0 -16.2595620399829 0 0 0 0 0 25.4816992708471 0 0 0 0 0 0 0 0 0 20.6491137463383 0 0 0 -5.74384078120671 0 0 0 0 0 0 0 0 0 0 0 0 0 0 0 0 0 0 0 0 0 0 32.1593115989711 0 0 0 0 0 0 0 0 0 0 0 0 0 0 0 0 0 0 0 0 0 0 0 0 0 0 0 0 0 0 0 0 0 0 0 0 0 0 0 0 0 0 0 0 0 0 0 0 0 0 0 0 0 0 0 0 0 1 0 0 0 0 0 0 0 0 0 0 0 0 0 0 0 0 0 0 0 0 0 0 0 0 0 281.534037032913
31.6026748760852 0 0 0 0 0 0 0 0 0 0 0 0 0 0 0 0 0 0 0 0 0 0 0 0 0 0 31.6173011713572 0 0 0 0 0 0.106049596591273 -33.6279288354926 0 0 0 0 0 0 0 0 0 0 0 0 0 0 0 0 0 0 0 0 0 0 0 8.40228108371669 0 0 0 0 0 0 0 0 0 0 0 0 0 0 0 0 0 0 0 0 0 0 0 0 0 0 0 0 0 0 0 0 0 0 0 0 0 0 0 0 0 0 0 0 1 0 0 0 0 0 0 0 0 0 0 0 0 0 0 0 0 0 0 0 0 0 0 0 0 82.8122010440281
0 0 0 0 0 0 0 0 0 40.9120242587574 0 0 0 0 0 0 0 0 0 0 0 0 0 0 0 0 0 0 0 0 0 0 0 0 0 -21.0369674629415 0 0 0 0 0 0 0 0 0 0 0 0 0 0 0 -14.5809979734508 0 0 0 0 0 0 -17.0207060825096 0 0 0 0 0 0 0 0 0 0 0 0 0 0 0 0 0 0 0 0 0 0 0 0 0 0 0 0 0 0 0 0 0 0 0 0 0 0 0 0 0 0 0 0 0 1 0 0 0 0 0 0 0 0 0 0 0 0 0 0 0 0 0 0 0 0 0 0 0 -149.607989841727
0 0 0 0 0 0 0 22.7057049267741 0 0 0 0 0 0 0 0 0 0 0 0 0 0 0 0 0 0 0 0 0 0 0 0 0 19.8356048282716 0 0 0 0 0 0 0 0 0 0 0 0 0 0 0 0 0 -22.123308350007 0 36.7154805122919 0 0 0 0 0 0 0 0 0 0 0 0 0 0 0 0 0 0 0 0 0 0 0 0 0 0 0 0 0 0 0 0 0 0 0 0 0 0 0 0 0 0 0 0 0 0 0 0 0 0 0 1 0 0 0 0 0 0 0 0 0 0 0 0 0 0 0 0 0 0 0 0 0 0 301.465089487594
0 0 0 0 0 0 0 0 0 0 0 0 0 0 0 0 -41.4700533942784 0 -43.1685510723189 0 0 0 0 0 0 0 0 0 0 0 0 0 0 46.8252874376919 0 0 0 0 0 0 0 0 0 0 0 0 12.5075216615536 0 27.0180394587373 0 0 -35.4611841571489 0 0 0 0 0 0 0 0 0 0 0 0 0 0 0 0 0 0 0 0 0 0 0 0 0 0 0 0 0 0 0 0 0 0 0 0 0 0 0 0 0 0 0 0 0 0 0 0 0 0 0 0 0 0 1 0 0 0 0 0 0 0 0 0 0 0 0 0 0 0 0 0 0 0 0 0 -184.856328906371
0 0 0 0 0 0 0 0 -18.6149962101413 0 0 0 0 0 0 0 0 0 0 0 -49.934425384834 0 0 5.94565887876459 0 0 0 0 0 0 0 0 42.2122238345504 0 -5.46781787076002 0 0 0 0 0 0 0 0 0 0 0 0 0 0 0 0 0 0 0 0 0 0 0 0 0 0 0 -15.073470318911 1.30612542987076 0 0 0 0 0 0 0 0 0 0 0 0 0 0 0 0 0 0 0 0 0 0 0 0 0 0 0 0 0 0 0 0 0 0 0 0 0 0 0 0 0 0 0 1 0 0 0 0 0 0 0 0 0 0 0 0 0 0 0 0 0 0 0 0 201.958970081071
0 0 -41.071859050064 0 0 0 0 0 0 0 0 0 0 0 0 0 0 0 0 0 0 0 0 0 0 0 0 0 0 0 0 0 0 0 0 0 0 0 0 0 0 0 26.3783474200868 0 0 0 0 0 0 0 -11.1606687997626 -35.2157604441775 0 0 0 0 0 0 0 0 0 0 0 0 0 0 0 0 0 0 0 0 0 0 0 0 0 0 0 0 0 0 0 0 0 0 0 0 0 0 0 0 0 0 0 0 0 0 0 0 0 0 0 0 0 0 0 0 1 0 0 0 0 0 0 0 0 0 0 0 0 0 0 0 0 0 0 0 -471.045341611677
0 0 0 0 -11.4932933538078 0 0 0 0 0 0 0 -22.7488591648902 0 0 0 0 0 0 0 0 0 -20.0752685922736 0 0 0 0 -48.8467173569561 -26.1124107975008 0 0 -3.81062166779071 0 0 -35.9160420319095 0 0 0 0 0 0 0 0 0 0 0 0 0 0 0 0 0 -12.4184944830807 0 0 0 0 0 -4.7383464904162 0 0 0 2.68458720123642 0 0 0 0 0 0 0 0 0 0 0 0 0 0 0 0 0 0 0 0 0 0 0 0 0 0 0 0 0 0 0 0 0 0 0 0 0 0 0 0 0 0 0 0 0 0 1 0 0 0 0 0 0 0 0 0 0 0 0 0 0 0 0 0 0 -855.37666713236
0 0 0 0 0 0 0 0 0 0 0 0 0 0 0 0 0 0 5.13997158392359 0 0 0 0 -16.7626837943897 0 0 0 0 0 0 0 0 0 0 0 0 0 0 -28.5044023623021 0 0 0 0 0 0 0 0 -35.0873927638921 0 6.04570059594651 0 0 0 0 -17.1360526867332 0 0 0 0 15.367589685852 0 0 0 0 0 0 0 0 0 0 0 0 0 0 0 0 0 0 0 0 0 0 0 0 0 0 0 0 0 0 0 0 0 0 0 0 0 0 0 0 0 0 0 0 0 0 0 0 0 0 1 0 0 0 0 0 0 0 0 0 0 0 0 0 0 0 0 0 -94.9117449110138
0 0 0 0 0 0 0 0 29.1405015937572 0 0 0 0 0 0 0 31.0899246314273 0 0 0 0 0 0 0 0 0 0 0 0 0 0 0 0 0 18.2928268584707 0 0 0 0 0 0 0 0 -21.743534452419 0 0 0 0 0 0 0 2.06599198276582 0 5.18095415203144 0 0 -1.8376217389426 0 -35.7588928760422 0 0 0 0 0 0 0 0 0 0 0 0 0 0 0 0 0 0 0 0 0 0 0 0 0 0 0 0 0 0 0 0 0 0 0 0 0 0 0 0 0 0 0 0 0 0 0 0 0 0 0 0 1 0 0 0 0 0 0 0 0 0 0 0 0 0 0 0 0 143.185426052844
0 0 0 0 0 0 0 0 0 0 0 0 0 0 0 0 0 0 0 0 0 0 0 0 0 -15.8138003421508 0 0 0 0 36.4924385349127 0 0 0 -25.3247595323769 0 -31.3525947410538 0 2.6295571715906 0 0 0 0 0 0 -11.7392617746618 0 0 0 0 0 0 0 0 34.4328931378343 0 0 0 0 0 0 0 0 0 0 0 0 0 0 0 0 0 0 0 0 0 0 0 0 0 0 0 0 0 0 0 0 0 0 0 0 0 0 0 0 0 0 0 0 0 0 0 0 0 0 0 0 0 0 0 0 0 1 0 0 0 0 0 0 0 0 0 0 0 0 0 0 0 -122.183571196181
0 0 0 0 20.9010097583911 0 0 0 18.5142743405819 0 0 0 0 0 0 0 0 0 -19.0165932537278 -48.5555440175734 0 0 0 0 0 0 0 0 0 0 0 0 0 0 0 0 0 0 0 0 0 0 0 0 -17.6422958577435 0 0 0 0 0 0 0 0 0 0 0 0 0 0 0 0 0 0 24.9552039305669 0 0 0 0 0 0 0 0 0 0 0 0 0 0 0 0 0 0 0 0 0 0 0 0 0 0 0 0 0 0 0 0 0 0 0 0 0 0 0 0 0 0 0 0 0 0 0 0 0 1 0 0 0 0 0 0 0 0 0 0 0 0 0 0 -172.755677833896
0 -27.6802469537226 0 0 0 0 0 0 0 0 0 0 0 45.5364066285665 0 -48.4437109233938 31.2394252926098 0 0 0 -30.2873788150536 0 0 0 0 0 0 0 0 0 0 0 0 0 0 0 0 0 0 0 0 0 -24.6078558163418 0 0 0 0 0 0 0 0 0 0 0 0 0 0 0 0 0 0 0 0 0 0 0 0 0 0 0 0 0 0 0 0 0 0 0 0 0 0 0 0 0 0 0 0 0 0 0 0 0 0 0 0 0 0 0 0 0 0 0 0 0 0 0 0 0 0 0 0 0 0 0 1 0 0 0 0 0 0 0 0 0 0 0 0 0 73.1859849066422
0 0 0 0 0 -5.0345119561797 0 0 0 0 0 0 8.26603970468174 0 0 0 0 9.37059783087021 0 0 0 0 46.7002575154402 0 0 0 0 0 0 0 0 0 0 0 0 0 0 0 0 0 0 0 0 0 0 0 0 -2.39478155919696 0 0 0 0 0 0 0 12.1817582976306 0 0 0 0 0 0 11.7212056156403 0 0 0 0 0 0 0 0 0 0 0 0 0 0 0 0 0 0 0 0 0 0 0 0 0 0 0 0 0 0 0 0 0 0 0 0 0 0 0 0 0 0 0 0 0 0 0 0 0 0 0 0 1 0 0 0 0 0 0 0 0 0 0 0 0 327.580346323609
0 0 0 0 0 11.7578418977681 0 0 0 0 0 0 0 0 0 0 0 0 0 0 0 0 0 0 0 0 0 0 0 0 -12.5950580952669 0 0 0 0 0 0 0 0 0 0 0 0 0 0 0 0 0 0 0 0 0 0 0 19.4572467374908 0 0 0 0 0 0 0 0 0 0 0 0 0 0 0 0 0 0 0 0 0 0 0 0 0 0 0 0 0 0 0 0 0 0 0 0 0 0 0 0 0 0 0 0 0 0 0 0 0 0 0 0 0 0 0 0 0 0 0 0 0 1 0 0 0 0 0 0 0 0 0 0 0 163.328505925981
0 0 0 0 -19.5322574181963 0 0 0 0 0 0 0 0 0 0 0 0 0 0 0 -12.120563887344 0 0 0 0 0 25.6654636498719 0 0 0 0 0 0 0 0 0 0 0 0.702531485744018 0 0 0 0 0 0 0 11.5049019071397 0 0 0 0 0 0 0 -9.79173860362517 0 0 0 0 0 0 0 -30.2005131581586 0 0 0 0 0 0 0 0 0 0 0 0 0 0 0 0 0 0 0 0 0 0 0 0 0 0 0 0 0 0 0 0 0 0 0 0 0 0 0 0 0 0 0 0 0 0 0 0 0 0 0 0 0 0 1 0 0 0 0 0 0 0 0 0 0 66.7052805659558
0 0 0 0.422474739241518 0 0 0 0 0 0 -2.98860967790187 0 0 0 0 0 0 0 0 -36.0760251140376 0 0 0 0 0 0 -3.22195439037719 0 0 0 0 0 0 0 0 0 0 0 0 0 0 0 0 0 0 0 0 0 0 0 0 0 0 0 0 0 0 0 0 0 0 0 0 0 0 0 0 0 0 0 0 0 0 0 0 0 0 0 0 0 0 0 0 0 0 0 0 0 0 0 0 0 0 0 0 0 0 0 0 0 0 0 0 0 0 0 0 0 0 0 0 0 0 0 0 0 0 0 1 0 0 0 0 0 0 0 0 0 -166.649695147835
-2.00181177314531 0 -45.783983481894 0 0 0 0 -40.8712201494157 0 0 -18.1603443270484 0 0 49.5365847363241 0 0 0 0 0 0 0 0 0 0 0 0 0 0 0 0 11.8374181066249 0 25.5775459090941 0 0 0 -22.3878124240093 0 0 3.39715651380794 0 0 0 0 0 0 0 0 0 0 0 0 0 0 0 0 0 0 0 0 0 0 0 0 0 0 0 0 0 0 0 0 0 0 0 0 0 0 0 0 0 0 0 0 0 0 0 0 0 0 0 0 0 0 0 0 0 0 0 0 0 0 0 0 0 0 0 0 0 0 0 0 0 0 0 0 0 0 0 1 0 0 0 0 0 0 0 0 -150.628301636034
0 0 0 0 0 0 0 0 0 0 0 0 0 0 0 0 0 0 0 0 0 0 0 0 0 0 0 0 0 0 0 0 0 0 0 0 0 0 0 -47.7414188600529 32.349790574658 0 0 0 0 0 0 0 0 -25.9030603895267 0 0 0 0 0 0 0 15.2105495685749 0 0 0 0 0 0 0 0 0 0 0 0 0 0 0 0 0 0 0 0 0 0 0 0 0 0 0 0 0 0 0 0 0 0 0 0 0 0 0 0 0 0 0 0 0 0 0 0 0 0 0 0 0 0 0 0 0 0 0 0 0 0 1 0 0 0 0 0 0 0 -89.8518197226703
0 0 0 0 0 0 0 0 0 0 0 0 0 0 0 0 0 0 0 0 0 0 0 0 0 0 0 0 12.8911634417109 0 0 0 0 0 -34.0343821745574 0 0 0 0 0 0 0 25.7103486605198 0 0 0 0 0 0 0 0 0 0 0 0 0 0 0 0 0 0 0 0 0 0 0 0 0 0 0 0 0 0 0 0 0 0 0 0 0 0 0 0 0 0 0 0 0 0 0 0 0 0 0 0 0 0 0 0 0 0 0 0 0 0 0 0 0 0 0 0 0 0 0 0 0 0 0 0 0 0 1 0 0 0 0 0 0 -100.950461695758
0 0 0 0 -16.8163011030658 0 0 0 -26.3719633968902 0 0 0 0 0 0 0 0 0 0 0 21.0776783575265 0 0 0 0 0 -17.2725148020394 0 0 0 0 1.51409914486603 0 0 -6.78899661484504 0 0 0 0 0 0 0 29.8792463982202 0 0 0 0 0 0 4.2866432286975 0 0 0 0 0 0 0 41.7835727988166 0 0 0 0 0 -36.0725508999432 0 0 0 0 0 0 0 0 0 0 0 0 0 0 0 0 0 0 0 0 0 0 0 0 0 0 0 0 0 0 0 0 0 0 0 0 0 0 0 0 0 0 0 0 0 0 0 0 0 0 0 0 0 0 0 0 0 0 1 0 0 0 0 0 -94.5385772037037
0 0 0 0 0 0 0 40.1506971217766 -22.3718417322861 0 0 0 0 0 0 0 0 0 0 0 0 0 44.3685430362476 0 -43.495891741714 0 5.09876998454153 -48.7880878874973 0 0 0 0 0 0 0 0 0 0 0 0 0 0 0 0 0 0 0 0 0 0 0 0 0 0 0 0 0 0 0 0 0 0 -35.9985164241033 0 0 0 0 0 0 0 0 0 0 0 0 0 0 0 0 0 0 0 0 0 0 0 0 0 0 0 0 0 0 0 0 0 0 0 0 0 0 0 0 0 0 0 0 0 0 0 0 0 0 0 0 0 0 0 0 0 0 0 0 1 0 0 0 0 -165.479443047956
0 0 35.6040293323403 13.8669603866938 0 32.9883639659337 0 0 0 0 0 0 0 0 0 0 0 0 0 0 0 0 0 0 0 0 0 0 0 0 0 0 0 0 0 0 0 0 0 0 0 0 0 19.9062327334005 0 0 0 0 0 0 0 0 0 0 0 0 0 0 0 0 0 0 0 0 0 0 0 0 0 0 0 0 0 0 0 0 0 0 0 0 0 0 0 0 0 0 0 0 0 0 0 0 0 0 0 0 0 0 0 0 0 0 0 0 0 0 0 0 0 0 0 0 0 0 0 0 0 0 0 0 0 0 0 0 1 0 0 0 910.822109373338
0 -36.0214325772279 0 0 0 0 0 0 0 0 0 0 0 16.8936977880809 0 0 0 0 0 0 0 0 0 0 0 0 0 -3.33223114943337 0 0 0 0 0 0 0 0 0 0 0 0 0 0 0 0 0 42.594870763656 0 0 0 0 0 0 0 0 0 0 0 0 0 0 38.5138266362324 0 0 0 0 0 0 0 0 0 0 0 0 0 0 0 0 0 0 0 0 0 0 0 0 0 0 0 0 0 0 0 0 0 0 0 0 0 0 0 0 0 0 0 0 0 0 0 0 0 0 0 0 0 0 0 0 0 0 0 0 0 0 0 0 1 0 0 138.390135062729
0 0 0 20.6960937897452 14.340246165896 0 0 0 0 0 0 0 0 0 0 0 0 0 0 0 0 0 0 0 0 0 0 -24.3457494991374 0 0 0 0 0 0 0 0 0 0 0 0 0 0 0 20.354748236979 0 0 0 0 0 23.5616643576793 26.379237790975 0 0 0 0 0 0 0 0 0 0 0 0 -10.5249417941449 0 0 0 0 0 0 0 0 0 0 0 0 0 0 0 0 0 0 0 0 0 0 0 0 0 0 0 0 0 0 0 0 0 0 0 0 0 0 0 0 0 0 0 0 0 0 0 0 0 0 0 0 0 0 0 0 0 0 0 0 0 0 1 0 717.423756352548
0 0 0 0 0 0 0 0 0 0 0 0 0 0 0 0 0 0 0 0 0 0 0 0 0 -43.7724839537015 0 0 0 0 0 0 0 0 0 20.0258676187932 0 0 0 0 0 0 0 0 0 0 0 -10.4385346934327 0 0 0 0 0 0 0 0 0 0 0 0 0 0 0 0 0 0 0 0 0 0 0 0 0 0 0 0 0 0 0 0 0 0 0 0 0 0 0 0 0 0 0 0 0 0 0 0 0 0 0 0 0 0 0 0 0 0 0 0 0 0 0 0 0 0 0 0 0 0 0 0 0 0 0 0 0 0 0 1 -175.923026978303
0 0 0 0 0 0 33.5585755522053 0 0 -25.577693293172 0 0 0 0 0 0 0 0 0 0 0 0 0 0 0 0 0 0 0 0 0 46.1214397003152 0 0 40.6725077439884 0 0 0 0 0 0 0 0 0 0 0 0 0 0 -18.1273453345479 0 0 0 0 0 0 0 0 0 0 0 0 0 0 0 0 0 0 0 0 0 0 0 0 0 0 0 0 0 0 0 0 0 0 0 0 0 0 0 0 0 0 0 0 0 0 0 0 0 0 0 0 0 0 0 0 0 0 0 0 0 0 0 0 0 0 0 0 0 0 0 0 0 0 0 0 0 0 634.925245648875
0 0 0 0 0 0 26.724475046119 0 0 0 0 0 0 0 0 0 0 0 25.5409454628945 0 0 0 0 9.65433316077267 0 0 0 0 0 0 0 0 0 0 0 0 -35.7272167814558 0 0 0 -45.3093488050487 36.2994712469537 0 0 0 0 0 0 0 0 0 0 0 0 0 0 0 0 0 0 0 0 0 9.24630667145112 0 0 0 0 0 0 0 0 0 0 0 0 0 0 0 0 0 0 0 0 0 0 0 0 0 0 0 0 0 0 0 0 0 0 0 0 0 0 0 0 0 0 0 0 0 0 0 0 0 0 0 0 0 0 0 0 0 0 0 0 0 0 0 0 346.405877696589
0 0 0 0 0 0 0 0 0 0 0 0 0 0 0 0 0 0 0 0 0 0 0 0 0 0 0 0 0 0 0 0 0 0 0 0 0 0 0 0 0 -42.0349630095575 -25.2888792580155 0 34.6979450166088 -42.7709675668327 0 0 31.4575295907754 0 38.4313548710428 0 0 0 0 0 0 0 0 0 0 0 0 0 0 0 0 0 0 0 0 0 0 0 0 0 0 0 0 0 0 0 0 0 0 0 0 0 0 0 0 0 0 0 0 0 0 0 0 0 0 0 0 0 0 0 0 0 0 0 0 0 0 0 0 0 0 0 0 0 0 0 0 0 0 0 0 0 17.0958731088467
0 0 0 0 -12.9755377993295 0 0 0 0 0 0 0 0 0 0 0 0 0 0 0 0 0 0 0 0 0 0 0 0 0 0 0 0 0 0 30.034477029127 0 0 0 0 0 0 0 0 0 0 0 0 0 31.0674714668735 0 0 0 0 0 0 -32.1449556416214 0 0 0 0 0 0 0 0 0 0 0 0 0 0 0 0 0 0 0 0 0 0 0 0 0 0 0 0 0 0 0 0 0 0 0 0 0 0 0 0 0 0 0 0 0 0 0 0 0 0 0 0 0 0 0 0 0 0 0 0 0 0 0 0 0 0 0 0 0 0 0 -27.0560563493853
0 0 0 0 0 0 0 19.4293686193437 0 0 0 0 0 0 0 0 0 16.0977176617282 0 0 49.0062543598768 -11.6485247867037 0 23.0505181481838 0 0 0 0 -42.3800710571662 0 0 0 0 -42.5373842595587 3.48849796022819 -11.5155666497164 0 0 -12.4773981969676 0 0 0 0 0 0 0 0 0 0 0 0 0 0 47.2919674204315 0 0 21.3074912746308 0 0 0 0 0 0 0 0 0 0 0 0 0 0 0 0 0 0 0 0 0 0 0 0 0 0 0 0 0 0 0 0 0 0 0 0 0 0 0 0 0 0 0 0 0 0 0 0 0 0 0 0 0 0 0 0 0 0 0 0 0 0 0 0 0 0 0 0 0 0 0 -90.1160159397591
0 0 0 0 0 0 0 0 0 -15.410889140846 0 0 0 0 0 -25.6244962798929 0 0 0 0 0 0 0 0 0 0 0 0 0 25.5657925520444 0 0 0 0 0 0 0 0 0 0 0 0 0 0 0 0 0 0 0 0 0 38.4884700711321 0 0 0 0 0 0 0 0 0 0 0 0 0 0 0 0 0 0 0 0 0 0 0 0 0 0 0 0 0 0 0 0 0 0 0 0 0 0 0 0 0 0 0 0 0 0 0 0 0 0 0 0 0 0 0 0 0 0 0 0 0 0 0 0 0 0 0 0 0 0 0 0 0 0 0 0 228.882301982248
0 0 0 0 0 0 0 0 0 0 0 0 0 0 0 0 0 0 0 0 0 0 0 0 0 -15.342697121182 0 0 0 0 0 0 0 0 0 0 0 0 0 0 0 -42.6585625935421 0 0 0 5.27935759757688 0 0 0 0 0 0 0 0 -8.33105818926989 0 0 0 0 0 -27.5526227530466 0 0 0 0 0 0 0 0 0 0 0 0 0 0 0 0 0 0 0 0 0 0 0 0 0 0 0 0 0 0 0 0 0 0 0 0 0 0 0 0 0 0 0 0 0 0 0 0 0 0 0 0 0 0 0 0 0 0 0 0 0 0 0 0 0 0 0 -492.810510374111
0 -2.17719087579992 0 0 0 -0.069481501031643 0 0 0 0 0 0 10.2913685377184 0 -21.4197378814448 0 3.95706026641341 0 0 0 0 0 0 0 0 0 0 0 0 0 0 0 0 0 0 0 0 0 0 0 0 0 0 0 0 0 0 0 0 0 0 0 1.95122910393892 0 0 0 0 0 0 0 0 0 0 -2.18087304020769 0 0 0 0 0 0 0 0 0 0 0 0 0 0 0 0 0 0 0 0 0 0 0 0 0 0 0 0 0 0 0 0 0 0 0 0 0 0 0 0 0 0 0 0 0 0 0 0 0 0 0 0 0 0 0 0 0 0 0 0 0 0 0 0 33.0945949747777
8.09584709966044 0 0 0 0 0 0 0 0 0 0 0 0 0 0 0 -10.9164367893902 0 0 0 0 0 0 0 0 0 0 0 0 0 0 0 0 0 0 0 0 0 0 0 0 0 0 0 0 0 0 42.0560855623545 0 0 0 0 0 0 0 0 0 0 0 17.6390428139623 -20.8534377064548 0 0 0 0 0 0 0 0 0 0 0 0 0 0 0 0 0 0 0 0 0 0 0 0 0 0 0 0 0 0 0 0 0 0 0 0 0 0 0 0 0 0 0 0 0 0 0 0 0 0 0 0 0 0 0 0 0 0 0 0 0 0 0 0 0 0 0 269.715911119574
0 0 0 0 0 0 0 0 0 0 0 0 0 46.3629726793733 0 0 -48.3611533820143 -27.7933000505292 0 32.8726912435869 0 0 0 0 0 27.8836771694497 0 0 0 0 0 0 0 0 0 0 0 0 -19.7283502766374 0 0 0 0 0 0 0 0 0 0 0 0 0 0 36.4857747829728 0 0 0 0 0 0 0 0 0 0 0 0 0 0 0 0 0 0 0 0 0 0 0 0 0 0 0 0 0 0 0 0 0 0 0 0 0 0 0 0 0 0 0 0 0 0 0 0 0 0 0 0 0 0 0 0 0 0 0 0 0 0 0 0 0 0 0 0 0 0 0 0 0 0 127.00316036123
42.7323249348823 0 0 0 0 0 0 25.1463611996291 -5.77085129104175 0 0 0 4.26092449784369 0 0 0 0 0 0 0 0 0 0 0 0 0 0 37.5105707929658 0 0 0 0 0 0 0 47.7469477438062 0 9.55475610740258 0 0 8.64904913701785 0 0 0 0 0 0 0 0 0 0 0 0 0 0 38.3002040909932 0 0 0 0 0 29.1177036383089 0 0 0 0 0 0 0 0 0 0 0 0 0 0 0 0 0 0 0 0 0 0 0 0 0 0 0 0 0 0 0 0 0 0 0 0 0 0 0 0 0 0 0 0 0 0 0 0 0 0 0 0 0 0 0 0 0 0 0 0 0 0 0 0 0 0 955.042216862311
0 0 0 0 0 0 0 0 0 0 0 0 0 0 0 0 0 0 0 0 0 0 0 0 1.23076860326635 0 0 0 0 4.99121820519191 0 0 0 0 0 13.9516306766381 0 0 0 0 0 0 0 0 -16.8854083050112 0 0 0 0 0 0 0 0 0 0 0 -17.1186750212801 0 0 0 0 0 0 0 0 0 0 0 0 0 0 0 0 0 0 0 0 0 0 0 0 0 0 0 0 0 0 0 0 0 0 0 0 0 0 0 0 0 0 0 0 0 0 0 0 0 0 0 0 0 0 0 0 0 0 0 0 0 0 0 0 0 0 0 0 0 0 0 -185.095843782715
0 0 0 0 0 0 0 0 0 0 -35.1588731608134 22.7147065861518 0 0 0 0 -13.0861043368878 0 0 0 0 0 0 0 10.6424635842114 0 0 0 0 0 0 0 0 0 0 0 0 0 0 0 0 0 0 0 0 0 0 0 0 0 0 0 0 0 -49.3161392799825 0 0 0 0 0 0 0 0 -36.108472044498 0 0 0 0 0 0 0 0 0 0 0 0 0 0 0 0 0 0 0 0 0 0 0 0 0 0 0 0 0 0 0 0 0 0 0 0 0 0 0 0 0 0 0 0 0 0 0 0 0 0 0 0 0 0 0 0 0 0 0 0 0 0 0 0 -373.2690028617
0 0 0 0 46.4326718600994 0 0 0 0 0 0 0 0 0 0 0 0 0 0 0 22.0468670709073 0 0 0 41.5345338167616 0 0 0 0 0 0 0 0 0 0 0 0 0 0 0 0 0 0 0 0 0 0 0 0 0 0 0 0 0 0 0 22.7895042700198 -0.231086131898939 0 0 0 0 0 0 0 0 0 0 0 0 0 0 0 0 0 0 0 0 0 0 0 0 0 0 0 0 0 0 0 0 0 0 0 0 0 0 0 0 0 0 0 0 0 0 0 0 0 0 0 0 0 0 0 0 0 0 0 0 0 0 0 0 0 0 0 0 0 0 875.398730077117
0 0 0 0 0 13.7315181637286 0 0 -1.52764850914467 0 0 0 0 0 -8.83634269340069 0 -22.6184123866088 0 0 0 0 0 0 0 0 0 0 0 0 0 0 0 0 38.4744995265374 0 40.523783226035 0 0 0 0 -4.22754368687887 -8.05161435660106 0 5.15747574346179 0 0 0 0 0 0 0 0 0 0 0 29.039647751428 0 -44.1272501339441 0 0 0 0 0 0 0 0 0 0 0 0 0 0 0 0 0 0 0 0 0 0 0 0 0 0 0 0 0 0 0 0 0 0 0 0 0 0 0 0 0 0 0 0 0 0 0 0 0 0 0 0 0 0 0 0 0 0 0 0 0 0 0 0 0 0 0 0 0 0 143.57677755943
0 -3.42202145158761 0 0 0 0 0 0 0 0 0 0 0 27.4542631215436 0 0 0 0 0 0 0 0 0 0 0 0 20.4232651065078 0 0 0 0 0 0 0 0 0 0 0 0 0 0 0 0 0 0 0 0 0 0 17.6345339646446 0 0 0 0 0 0 0 0 0 0 0 0 0 0 0 0 0 0 0 0 0 0 0 0 0 0 0 0 0 0 0 0 0 0 0 0 0 0 0 0 0 0 0 0 0 0 0 0 0 0 0 0 0 0 0 0 0 0 0 0 0 0 0 0 0 0 0 0 0 0 0 0 0 0 0 0 0 0 429.798239509139
0 0 0 27.5616534373164 0 0 -4.5260384780987 -27.4247950153254 0 43.6337944072215 0 0 0 0 0 0 0 0 0 0 0 0 0 0 0 0 0 0 0 0 0 0 0 0 0 0 0 0 0 0 0 0 0 0 0 0 0 0 12.282138266756 23.3323914927756 0 0 0 0 0 0 0 0 0 0 0 33.6393876119943 0 0 0 0 0 0 0 0 0 0 0 0 0 0 0 0 0 0 0 0 0 0 0 0 0 0 0 0 0 0 0 0 0 0 0 0 0 0 0 0 0 0 0 0 0 0 0 0 0 0 0 0 0 0 0 0 0 0 0 0 0 0 0 0 0 0 477.450096084867
0 9.45300092861833 -10.5212036800413 0 0 0 11.8225121558663 0 0 0 0 0 0 0 0 0 0 0 17.7166973296173 0 0 0 0 0 0 0 0 0 0 0 0 0 0 0 0 0 0 0 0 0 0 0 0 0 0 0 0 0 0 0 0 0 0 0 0 0 -48.2679213144401 0 0 0 23.8938105477091 0 0 0 0 0 0 0 0 0 0 0 0 0 0 0 0 0 0 0 0 0 0 0 0 0 0 0 0 0 0 0 0 0 0 0 0 0 0 0 0 0 0 0 0 0 0 0 0 0 0 0 0 0 0 0 0 0 0 0 0 0 0 0 0 0 0 0 -329.752703228989
0 0 0 0 0 0 0 0 0 0 0 0 0 0 0 0 0 0 0 0 0 0 0 0 0 0 0 0 0 0 0 0 -44.5297422346454 0 0 0 0 0 0 0 0 0 -25.674442200486 0 0 0 0 0 0 0 0 0 0 0 0 0 0 0 0 0 0 0 0 0 0 0 0 0 0 0 0 0 0 0 0 0 0 0 0 0 0 0 0 0 0 0 0 0 0 0 0 0 0 0 0 0 0 0 0 0 0 0 0 0 0 0 0 0 0 0 0 0 0 0 0 0 0 0 0 0 0 0 0 0 0 0 0 0 -395.619056197034
0 0 0 0 0 0 0 0 0 0 0 0 0 0 0 0 0 0 0 0 0 0 0 0 0 0 0 0 0 0 0 0 0 22.9087564124854 0 0 -6.37755644308975 0 0 0 0 0 0 0 0 0 0 0 0 0 -49.8507121822714 0 -28.0522158125523 0 0 0 0 0 0 0 0 0 0 0 0 0 0 0 0 0 0 0 0 0 0 0 0 0 0 0 0 0 0 0 0 0 0 0 0 0 0 0 0 0 0 0 0 0 0 0 0 0 0 0 0 0 0 0 0 0 0 0 0 0 0 0 0 0 0 0 0 0 0 0 0 0 0 0 -120.143244977992
0 0 0 0 0 0 0 0 0 0 0 0 0 0 0 0 0 0 0 0 0 0 0 0 0 0 0 0 0 0 0 0 0 0 0 0 0 0 0 0 0 -11.1910181106714 0 0 0 0 0 0 0 0 0 0 0 0 0 0 0 0 0 0 0 0 0 0 0 0 0 0 0 0 0 0 0 0 0 0 0 0 0 0 0 0 0 0 0 0 0 0 0 0 0 0 0 0 0 0 0 0 0 0 0 0 0 0 0 0 0 0 0 0 0 0 0 0 0 0 0 0 0 0 0 0 0 0 0 0 0 0 -98.2536512744013
0 22.4353985897651 0 0 26.7101828106371 0 0 0 0 0 0 0 0 0 0 0 0 0 0 0 0 0 0 0 0 0 0 0 0 0 0 0 0 -25.9311440045224 0 0 0 0 0 0 0 0 0 -46.452124847382 0 0 0 45.2299352583891 0 0 0 0 0 0 0 0 0 0 0 0 0 0 0 0 0 0 0 0 0 0 0 0 0 0 0 0 0 0 0 0 0 0 0 0 0 0 0 0 0 0 0 0 0 0 0 0 0 0 0 0 0 0 0 0 0 0 0 0 0 0 0 0 0 0 0 0 0 0 0 0 0 0 0 0 0 0 0 0 -191.095159389397
0 0 0 0 0 0 0 0 0 0 0 0 0 0 0 0 0 0 0 0 0 0 0 0 0 0 3.0484209985167 0 0 -33.958025157192 0 0 0 0 0 0 -13.7246889793407 0 0 0 0 0 0 0 0 0 -22.2386319791126 0 0 0 8.07037101200586 0 0 0 14.0865920975084 -38.1113031500708 0 0 0 0 0 0 -46.8707682368631 0 0 0 0 0 0 0 0 0 0 0 0 0 0 0 0 0 0 0 0 0 0 0 0 0 0 0 0 0 0 0 0 0 0 0 0 0 0 0 0 0 0 0 0 0 0 0 0 0 0 0 0 0 0 0 0 0 0 0 0 0 0 0 0 0 -657.017190909569
0 0 0 0 0 0 0 -1.91657819761445 -34.5896698190625 0 0 0 0 0 0 42.6600445516158 0 -8.77711076821018 0 0 0 -9.61560199563638 0 0 0 0 0 0 -34.6827212854574 0 0 0 0 0 0 0 0 0 0 0 0 0 0 0 0 37.5066375124695 0 0 0 37.7335566747687 0 0 0 0 0 0 0 0 0 0 0 0 0 -40.7155305027788 0 0 0 0 0 0 0 0 0 0 0 0 0 0 0 0 0 0 0 0 0 0 0 0 0 0 0 0 0 0 0 0 0 0 0 0 0 0 0 0 0 0 0 0 0 0 0 0 0 0 0 0 0 0 0 0 0 0 0 0 0 0 0 0 13.1005489703653
0 -16.7407577852467 0 0 0 0 0 0 0 0 0 0 19.3491866368946 0 0 0 0 -32.9104232417719 0 0 0 0 0 -15.4077504180683 0 0 0 0 0 0 0 0 0 0 0 -13.4929032946979 0 0 0 0 0 0 0 0 0 0 0 0 0 0 0 0 0 0 0 0 -15.8339671688447 0 0 0 41.5387712213923 0 0 0 0 0 0 0 0 0 0 0 0 0 0 0 0 0 0 0 0 0 0 0 0 0 0 0 0 0 0 0 0 0 0 0 0 0 0 0 0 0 0 0 0 0 0 0 0 0 0 0 0 0 0 0 0 0 0 0 0 0 0 0 0 0 0 0 -341.635221297322
0 0 0 0 -32.8786256115568 0 0 0 0 0 0 0 0 0 0 0 0 0 0 0 0 0 -30.6626588937264 0 0 0 0 0 0 0 0 0 0 0 0 0 0 0 0 0 0 0 0 0 0 0 0 0 0 0 0 0 0 0 0 0 0 0 0 0 0 0 46.6211629043158 0 0 0 0 0 0 0 0 0 0 0 0 0 0 0 0 0 0 0 0 0 0 0 0 0 0 0 0 0 0 0 0 0 0 0 0 0 0 0 0 0 0 0 0 0 0 0 0 0 0 0 0 0 0 0 0 0 0 0 0 0 0 0 0 0 -303.977865032971
0 0 0 0 0 0 0 0 0 0 0 0 0 0 0 0 -3.89605456651473 0 0 0 0 0 0 0 0 0 0 0 0 23.4878282109131 0 0 0 0 0 0 0 0 0 0 0 -41.3204652303216 0 0 -28.4664538783657 0 0 0 0 0 0 0 0 0 7.05699122388717 0 0 0 0 0 0 0 0 -17.6433918316003 0 0 0 0 0 0 0 0 0 0 0 0 0 0 0 0 0 0 0 0 0 0 0 0 0 0 0 0 0 0 0 0 0 0 0 0 0 0 0 0 0 0 0 0 0 0 0 0 0 0 0 0 0 0 0 0 0 0 0 0 0 0 0 0 -442.861533827927
0 0 0 0 45.7257841426681 0 0 0 0 9.03934983190342 0 -37.9858187951505 0 0 0 0 0 0 0 -22.3281603432705 0 -35.4334905437934 0 0 21.9139751387948 25.5145537055251 0 0 0 0 0 0 0 0 0 0 0 0 0 34.7926149368648 0 0 0 0 -33.9123430996121 0 0 0 0 0 0 0 0 0 -7.30697146718503 0 0 0 0 30.1657242185846 0 0 0 0 0 0 0 0 0 0 0 0 0 0 0 0 0 0 0 0 0 0 0 0 0 0 0 0 0 0 0 0 0 0 0 0 0 0 0 0 0 0 0 0 0 0 0 0 0 0 0 0 0 0 0 0 0 0 0 0 0 0 0 0 0 0 0 0 52.7401909233337
0 0 0 0 0 0 0 0 0 0 0 -29.361546856519 0 0 0 15.6937438648436 -20.9841103221138 0 0 0 0 0 0 0 0 0 0 0 0 0 0 0 0 0 0 0 0 0 0 0 0 0 0 18.5802182830369 0 0 0 0 0 -19.120784751213 0 0 0 0 0 0 0 0 0 0 0 0 0 0 0 0 0 0 0 0 0 0 0 0 0 0 0 0 0 0 0 0 0 0 0 0 0 0 0 0 0 0 0 0 0 0 0 0 0 0 0 0 0 0 0 0 0 0 0 0 0 0 0 0 0 0 0 0 0 0 0 0 0 0 0 0 0 0 -329.682279364296
0 0 0 0 0 0 0 0 0 0 0 0 44.2700205261103 0 0 0 0 0 -26.1089675026839 0 0 0 0 0 0 0 0 0 0 0 0 0 19.8779840616269 0 0 0 0 0 -36.008016382717 0 0 0 0 0 0 0 0 0 0 0 0 0 0 -5.48181087077516 0 0 0 0 0 0 14.6045858422411 0 0 0 0 0 0 0 0 0 0 0 0 0 0 0 0 0 0 0 0 0 0 0 0 0 0 0 0 0 0 0 0 0 0 0 0 0 0 0 0 0 0 0 0 0 0 0 0 0 0 0 0 0 0 0 0 0 0 0 0 0 0 0 0 0 0 0 81.6493770469992
0 0 0 0 0 0 0 0 0 -41.4882436595801 0 0 0 1.20138610679643 0 0 0 0 0 0 -25.0822622709903 0 0 0 0 0 0 0 0 0 0 0 0 0 -12.4715383057126 0 0 0 0 0 0 0 0 8.96905903640802 0 0 0 0 0 0 0 0 0 0 49.5182511804146 0 0 0 0 0 0 0 0 0 0 0 0 0 0 0 0 0 0 0 0 0 0 0 0 0 0 0 0 0 0 0 0 0 0 0 0 0 0 0 0 0 0 0 0 0 0 0 0 0 0 0 0 0 0 0 0 0 0 0 0 0 0 0 0 0 0 0 0 0 0 0 0 0 168.941695022561
0 0 0 0 0 0 0 0 0 0 0 0 0 0 -46.1648454050384 -23.4314895565932 0 0 0 0 0 -19.7808851027478 0 0 0 0 0 0 0 0 -29.385679138477 0 0 0 0 0 0 0 0 0 0 0 0 0 13.3699799504344 0 0 0 21.5582397847856 0 0 0 0 0 0 0 0 0 0 0 0 0 0 0 0 0 0 0 0 0 0 0 0 0 0 0 0 0 0 0 0 0 0 0 0 0 0 0 0 0 0 0 0 0 0 0 0 0 0 0 0 0 0 0 0 0 0 0 0 0 0 0 0 0 0 0 0 0 0 0 0 0 0 0 0 0 0 0 -190.902219828895
0 0 0 0 0 0 0 0 0 0 0 3.55028903612712 0 0 0 0 0 0 0 0 0 0 0 0 0 -42.5384496949954 0 0 0 0 0 0 -34.6640495709801 0 18.3657659638263 0 0 0 0 0 0 0 0 0 0 0 0 0 -16.6219107722531 34.1984853401868 0 0 0 0 44.7992207392236 0 0 25.168388642918 0 0 0 0 0 0 0 0 0 0 0 0 0 0 0 0 0 0 0 0 0 0 0 0 0 0 0 0 0 0 0 0 0 0 0 0 0 0 0 0 0 0 0 0 0 0 0 0 0 0 0 0 0 0 0 0 0 0 0 0 0 0 0 0 0 0 0 0 0 0 193.520587444589
0 0 0 0 0 0 0 0 -47.2810286720593 0 0 0 0 0 24.409974821869 0 0 0 0 0 0 0 -16.3244176395769 0 0 0 0 30.1352241554071 0 0 0 0 0 0 0 0 0 0 0 0 0 0 0 0 0 0 0 0 0 -33.3096868044957 0 0 0 0 0 13.6688145240555 0 0 0 0 0 0 0 0 0 0 0 0 0 0 0 0 0 0 0 0 0 0 0 0 0 0 0 0 0 0 0 0 0 0 0 0 0 0 0 0 0 0 0 0 0 0 0 0 0 0 0 0 0 0 0 0 0 0 0 0 0 0 0 0 0 0 0 0 0 0 0 0 -306.959105528908
0 0 0 -35.6758276778605 0 0 0 0 0 0 0 0 32.0112026324193 0 0 0 0 0 -32.1518899176248 0 0 0 0 0 0 -32.0623674649718 0 0 0 0 0 0 0 0 0 0 0 0 0 0 0 0 0 0 0 0 0 0 0 0 0 0 0 0 0 0 0 0 0 0 -34.8324101516641 0 0 0 0 0 0 0 0 0 0 0 0 0 0 0 0 0 0 0 0 0 0 0 0 0 0 0 0 0 0 0 0 0 0 0 0 0 0 0 0 0 0 0 0 0 0 0 0 0 0 0 0 0 0 0 0 0 0 0 0 0 0 0 0 0 0 0 -548.598654810503
0 0 0 -6.53780772215993 0 0 0 0 0 0 0 0 0 0 0 0 38.000025801773 0 0 0 0 0 0 0 0 0 -0.0480075104225763 0 0 0 0 0 0 0 0 6.80132784633393 -41.2441318493652 0 0 0 0 0 -5.60445563636844 0 0 0 0 20.4571197322385 0 0 48.1805703472202 0 0 0 0 -14.1891600541763 0 0 0 0 0 0 0 -38.4681591668229 0 0 0 0 0 0 0 0 0 0 0 0 0 0 0 0 0 0 0 0 0 0 0 0 0 0 0 0 0 0 0 0 0 0 0 0 0 0 0 0 0 0 0 0 0 0 0 0 0 0 0 0 0 0 0 0 0 0 0 0 0 0 0 0 247.811618307379
-23.9875056832656 0 0 0 0 0 0 0 0 0 0 49.5279833529812 0 33.7499321725222 0 0 0 0 0 0 0 0 0 0 0 0 0 0 0 0 0 25.0067727239643 0 26.4551235231723 0 47.5703249931249 0 0 0 0 0 0 0 38.3578855145905 0 0 0 0 0 0 0 0 0 0 0 0 0 0 0 0 0 0 0 0 0 0 0 0 0 0 0 0 0 0 0 0 0 0 0 0 0 0 0 0 0 0 0 0 0 0 0 0 0 0 0 0 0 0 0 0 0 0 0 0 0 0 0 0 0 0 0 0 0 0 0 0 0 0 0 0 0 0 0 0 0 0 0 0 1440.80184031128
0 0 0 0 0 14.0913644757537 0 0 0 0 0 0 0 0 0 0 40.4587339505662 0 0 0 0 0 0 0 0 0 0 0 0 0 0 0 31.0720654445894 0 0 0 0 0 10.6039067197211 0 0 0 0 0 0 0 0 0 0 0 0 0 0 0 0 0 0 0 0 0 0 35.7351842467162 -34.3100649068726 0 0 0 0 0 0 0 0 0 0 0 0 0 0 0 0 0 0 0 0 0 0 0 0 0 0 0 0 0 0 0 0 0 0 0 0 0 0 0 0 0 0 0 0 0 0 0 0 0 0 0 0 0 0 0 0 0 0 0 0 0 0 0 0 0 636.94785772108
-17.6587165700609 0 0 0.647333058598432 0 -10.6732362827673 0 0 0 0 0 0 0 0 0 -21.9293396545417 0 0 0 0 0 38.8469848496961 0 0 0 0 0 0 -19.4068474884053 0 0 0 0 0 0 0 0 0 0 0 32.7062884425789 0 0 0 0 0 0 0 0 0 0 0 0 0 0 0 0 0 0 -31.6884905517265 0 0 0 0 0 0 0 0 0 0 0 0 0 0 0 0 0 0 0 0 0 0 0 0 0 0 0 0 0 0 0 0 0 0 0 0 0 0 0 0 0 0 0 0 0 0 0 0 0 0 0 0 0 0 0 0 0 0 0 0 0 0 0 0 0 0 0 0 -233.302813948969
0 0 0 0 0 0 0 0 35.1052390822192 0 0 0 0 0 0 0 0 0 0 0 0 0 0 0 0 0 0 0 0 -20.3929026287713 -46.8834505396733 0 0 0 0 0 0 0 -12.9011475507444 0 0 0 0 0 0 0 0 0 0 0 0 0 0 0 0 0 0 0 0 0 0 0 0 0 0 0 0 0 0 0 0 0 0 0 0 0 0 0 0 0 0 0 0 0 0 0 0 0 0 0 0 0 0 0 0 0 0 0 0 0 0 0 0 0 0 0 0 0 0 0 0 0 0 0 0 0 0 0 0 0 0 0 0 0 0 0 0 0 -230.011568379244
0 0 0 0 0 0 0 0 0 0 0 0 0 0 0 -11.4823853350161 0 0 0 0 35.6519478911259 0 0 0 0 42.2538973616711 0 0 0 0 0 0 0 0 0 0 0 0 0 0 0 0 0 0 0 0 0 0 0 0 0 0 0 0 0 0 0 0 0 0 0 0 0 0 0 0 0 0 0 0 0 0 0 0 0 0 0 0 0 0 0 0 0 0 0 0 0 0 0 0 0 0 0 0 0 0 0 0 0 0 0 0 0 0 0 0 0 0 0 0 0 0 0 0 0 0 0 0 0 0 0 0 0 0 0 0 0 0 237.092627563724
0 0 0 0 0 0 0 0 0 0 0 0 0 0 0 0 0 0 0 0 0 0 0 0 0 0 0 0 0 0 0 0 0 0 0 0 0 0 0 0 0 0 0 0 0 0 0 0 0 0 0 0 0 0 0 0 0 0 0 0 0 0 0 0 0 0 0 0 0 0 0 0 0 0 0 0 0 0 0 0 0 0 0 0 0 0 0 0 0 0 0 0 0 0 0 0 0 0 0 0 0 0 0 0 0 0 0 0 0 0 0 0 0 0 0 0 0 0 0 0 0 0 0 0 0 0 0 0 0
0 0 0 0 0 0 0 0 0 -24.3243752104878 0 0 0 0 0 0 0 7.82927147858507 0 0 -17.2725319189532 0 0 0 0 0 0 0 0 0 0 0 0 0 0 0 0 0 -2.5409665710571 0 0 24.309371856119 0 0 0 0 17.0820867625192 0 -43.6109292245105 0 0 0 0 0 0 0 0 0 0 0 0 0 0 0 0 0 0 0 0 0 0 0 0 0 0 0 0 0 0 0 0 0 0 0 0 0 0 0 0 0 0 0 0 0 0 0 0 0 0 0 0 0 0 0 0 0 0 0 0 0 0 0 0 0 0 0 0 0 0 0 0 0 0 0 0 0 0 0 122.659861667076
0 0 0 0 0 0 40.1822086633396 0 0 0 0 0 0 0 0 0 0 0 0 0 0 0 0 0 0 0 0 0 0 0 22.0924830693746 -5.67052724301315 0 0 -32.7648524926884 0 0 0 0 0 0 0 0 0 -8.40601300044458 0 0 0 0 0 0 0 0 0 0 0 -49.9284451682472 0 0 0 0 0 0 4.65414122988825 0 0 0 0 0 0 0 0 0 0 0 0 0 0 0 0 0 0 0 0 0 0 0 0 0 0 0 0 0 0 0 0 0 0 0 0 0 0 0 0 0 0 0 0 0 0 0 0 0 0 0 0 0 0 0 0 0 0 0 0 0 0 0 0 -633.83849469527
0 0 0 0 0 0 0 0 0 0 6.43028360090847 0 0 0 0 0 0 -43.4932778820859 0 0 0 0 0 0 0 0 -11.330622693952 0 0 0 0 0 0 0 0 0 0 0 0 0 0 0 0 0 0 0 0 0 0 0 0 0 0.496490332552035 36.857274268002 0 0 0 0 0 0 0 0 0 24.8512601183002 0 0 0 0 0 0 0 0 0 0 0 0 0 0 0 0 0 0 0 0 0 0 0 0 0 0 0 0 0 0 0 0 0 0 0 0 0 0 0 0 0 0 0 0 0 0 0 0 0 0 0 0 0 0 0 0 0 0 0 0 0 0 0 0 10.8470793550351
0 0 0 0 0 0 24.5714045254549 0 0 0 0 0 0 0 0 34.79373075143 0 0 0 0 0 0 0 0 0 0 0 0 0 0 0 0 0 0 0 0 0 0 0 -26.2900474892372 0 0 0 0 0 0 0 0 0 0 0 0 0 0 0 0 0 -16.2470437726117 0 0 0 46.4130933918967 0 0 0 0 0 0 0 0 0 0 0 0 0 0 0 0 0 0 0 0 0 0 0 0 0 0 0 0 0 0 0 0 0 0 0 0 0 0 0 0 0 0 0 0 0 0 0 0 0 0 0 0 0 0 0 0 0 0 0 0 0 0 0 0 0 0 -27.4435103306925
0 0 0 0 0 0 0 0 0 0 0 0 0 0 0 -35.6486590459711 -39.6465866151338 0 0 40.8645908280158 0 0 0 0 0 0 0 0 0 0 0 0 0 0 -38.4813966140133 0 0 0 0 24.4369309377401 0 0 0 0 0 0 0 0 0 0 22.4664694576168 0 0 0 0 0 -37.777936117138 0 0 0 0 0 0 0 0 0 0 0 0 0 0 0 0 0 0 0 0 0 0 0 0 0 0 0 0 0 0 0 0 0 0 0 0 0 0 0 0 0 0 0 0 0 0 0 0 0 0 0 0 0 0 0 0 0 0 0 0 0 0 0 0 0 0 0 0 0 0 0 -697.47994369286
0 48.4905877254281 0 0 0 0 0 0 0 -29.1855693095392 0 0 0 -25.025632701942 0 0 0 0 0 0 0 -1.37603716410134 0 0 0 0 0 0 -20.7255981201556 0 0 21.6498673821078 0 0 0 0 0 0 0 0 0 0 0 0 0 7.41919967091909 0 0 21.102525861162 -39.9188306447364 -18.612395692563 42.828747304973 0 0 0 0 0 0 0 0 0 0 0 0 0 0 0 0 0 0 0 0 0 0 0 0 0 0 0 0 0 0 0 0 0 0 0 0 0 0 0 0 0 0 0 0 0 0 0 0 0 0 0 0 0 0 0 0 0 0 0 0 0 0 0 0 0 0 0 0 0 0 0 0 0 0 0 0 -24.3526373046081
0 0 0 0 0 0 0 0 0 0 0 0 0 39.2930254694621 0 0 0 0 0 0 0 0 0 0 0 0 0 0 0 0 0 0 0 0 0 0 0 0 0 0 0 0 0 0 0 0 9.87053614565024 0 0 0 0 0 0 0 0 0 -0.335330057990013 0 0 0 0 0 0 0 0 0 0 0 0 0 0 0 0 0 0 0 0 0 0 0 0 0 0 0 0 0 0 0 0 0 0 0 0 0 0 0 0 0 0 0 0 0 0 0 0 0 0 0 0 0 0 0 0 0 0 0 0 0 0 0 0 0 0 0 0 0 0 0 242.403943162678
0 0 0 0 0 0 0 0 32.5701742049605 0 0 0 0 0 0 0 0 0 31.578107914187 0 0 0 0 0 0 -35.879712846866 0 0 0 0 10.4663858435241 0 29.0571390123187 0 0 0 0 0 0 0 0 0 0 0 0 0 0 0 0 0 0 24.8585664767025 0 0 0 0 0 0 0 0 0 0 0 0 0 0 0 0 0 0 0 0 0 0 0 0 0 0 0 0 0 0 0 0 0 0 0 0 0 0 0 0 0 0 0 0 0 0 0 0 0 0 0 0 0 0 0 0 0 0 0 0 0 0 0 0 0 0 0 0 0 0 0 0 0 0 0 0 464.258813017494
0 0 0 0 0 0 0 0 0 -49.0177639274534 0 0 0 0 0 0 0 0 0 0 0 -30.6598280843484 0 0 0 0 0 -11.5207160035809 0 -6.12427907759268 0 0 0 0 39.2295834016662 0 0 0 0 0 0 0 0 43.0285661397258 0 0 0 0 0 0 10.2364650801703 0 0 0 0 22.8975800795655 0 0 0 0 0 0 0 0 0 0 0 0 0 0 0 0 0 0 0 0 0 0 0 0 0 0 0 0 0 0 0 0 0 0 0 0 0 0 0 0 0 0 0 0 0 0 0 0 0 0 0 0 0 0 0 0 0 0 0 0 0 0 0 0 0 0 0 0 0 0 0 0 459.989994440349
0 0 0 0 0 0 0 0 0 0 0 0 0 0 0 0 0 0 0 0 0 0 0 0 0 0 0 0 0 0 0 0 0 0 0 0 0 0 0 0 0 0 0 0 0 0 0 0 0 0 0 0 0 0 0 0 0 0 0 0 0 0 0 39.4364927082967 0 0 0 0 0 0 0 0 0 0 0 0 0 0 0 0 0 0 0 0 0 0 0 0 0 0 0 0 0 0 0 0 0 0 0 0 0 0 0 0 0 0 0 0 0 0 0 0 0 0 0 0 0 0 0 0 0 0 0 0 0 0 0 0 116.055828884507
0 0 0 0 0 0 -13.8160819788097 0 -29.6310869731085 0 0 3.02810806644762 0 0 0 0 0 0 0 0 0 0 0 0 0 0 0 0 0 0 0 0 0 0 0 0 0 0 0 0 42.720320120777 0 0 0 0 0 0 0 0 -29.0051171481131 0 0 0 0 0 0 0 48.2018434403266 0 0 0 0 0 0 0 0 0 0 0 0 0 0 0 0 0 0 0 0 0 0 0 0 0 0 0 0 0 0 0 0 0 0 0 0 0 0 0 0 0 0 0 0 0 0 0 0 0 0 0 0 0 0 0 0 0 0 0 0 0 0 0 0 0 0 0 0 0 0 322.256077024625
0 0 0 0 0 0 0 0 0 0 0 0 -8.36361546469474 0 0 0 0 0 0 0 0 0 0 0 0 0 0 0 -23.1336553744945 0 0 0 0 0 0 0 0 0 0 0 0 0 0 0 0 0 0 0 0 23.0739264353682 3.41100287265559 0 0 0 0 0 0 0 -12.4886584419327 0 0 0 0 0 0 0 0 0 0 0 0 0 0 0 0 0 0 0 0 0 0 0 0 0 0 0 0 0 0 0 0 0 0 0 0 0 0 0 0 0 0 0 0 0 0 0 0 0 0 0 0 0 0 0 0 0 0 0 0 0 0 0 0 0 0 0 0 0 -61.4197519012843
0 0 0 0 0 0 0 0 0 0 0 0 0 0 0 -11.7594000642479 0 -28.2840534609727 0 0 0 0 0 34.5147382112809 0 0 0 0 0 0 -42.8260506919981 0 0 0 0 -13.74806045768 0 0 0 0 0 0 0 -39.0413136066692 0 0 0 0 41.3580509167226 0 0 -45.9491487637285 0 0 0 0 0 0 0 0 -27.2070612833698 -14.8762278366576 0 0 0 0 0 0 0 0 0 0 0 0 0 0 0 0 0 0 0 0 0 0 0 0 0 0 0 0 0 0 0 0 0 0 0 0 0 0 0 0 0 0 0 0 0 0 0 0 0 0 0 0 0 0 0 0 0 0 0 0 0 0 0 0 0 0 -563.406781729751
0 0 0 0 39.0982608386968 0 0 0 0 0 0 0 0 0 0 0 0 0 0 0 0 0 0 0 0 0 0 0 0 0 0 0 0 0 0 0 0 0 0 0 0 0 0 -1.60376970548306 0 0 0 0 0 -29.0586605551429 0 -18.1846785927738 0 39.9285735385992 -49.3013006214887 0 0 0 0 0 0 0 0 -32.611396008455 0 0 0 0 0 0 0 0 0 0 0 0 0 0 0 0 0 0 0 0 0 0 0 0 0 0 0 0 0 0 0 0 0 0 0 0 0 0 0 0 0 0 0 0 0 0 0 0 0 0 0 0 0 0 0 0 0 0 0 0 0 0 0 0 -42.8432887570917
0 0 0 0 0 26.7738873239282 0 0 0 0 0 -32.4429192396506 0 0 0 0 0 0 0 0 0 0 0 0 0 0 0 0 0.733979211062818 -20.6197639707966 0 0 0 0 0 0 37.3250401444983 0 0 32.3484306189087 0 0 0 0 0 49.8822035155532 0 0 0 0 -12.5456913169499 0 0 0.809451310783238 0 0 0 24.8498589366762 -10.008485348749 0 0 0 43.1655153576901 0 0 0 0 0 0 0 0 0 0 0 0 0 0 0 0 0 0 0 0 0 0 0 0 0 0 0 0 0 0 0 0 0 0 0 0 0 0 0 0 0 0 0 0 0 0 0 0 0 0 0 0 0 0 0 0 0 0 0 0 0 0 0 0 0 384.239792600101
0 0 0 0 0 0 0 0 -7.23140732347671 0 0 0 -45.7780705283997 0 0 0 0 0 0 0 0 0 0 0 0 0 0 -34.2446959470623 0 -13.8648282318215 0 0 0 0 0 0 0 -44.1146108163086 0 0 0 0 0 0 0 0 0 34.336036456866 0 0 0 0 0 0 0 0 0 0 0 0 0 0 0 0 0 0 0 0 0 0 0 0 0 0 0 0 0 0 0 0 0 0 0 0 0 0 0 0 0 0 0 0 0 0 0 0 0 0 0 0 0 0 0 0 0 0 0 0 0 0 0 0 0 0 0 0 0 0 0 0 0 0 0 0 0 0 0 0 -637.495858649524
0 0 0 0 0 38.9983755622639 -44.1105752816615 0 0 -29.7507458863274 0 0 0 0 0 0 0 0 0 0 0 0 0 0 0 -41.2630333389191 0 0 0 0 0 7.30729164808873 0 0 0 0 0 0 0 0 0 0 0 -6.30097671655804 0 0 0 0 0 0 0 0 0 0 0 0 0 0 0 -41.1187582678484 0 27.5723198136281 0 0 0 0 0 0 0 0 0 0 0 0 0 0 0 0 0 0 0 0 0 0 0 0 0 0 0 0 0 0 0 0 0 0 0 0 0 0 0 0 0 0 0 0 0 0 0 0 0 0 0 0 0 0 0 0 0 0 0 0 0 0 0 0 0 0 -457.760299569102
23.3927379031315 0 0 0 0 0 0 0 0 0 0 0 0 0 -35.4772613142773 0 0 0 0 0 0 11.5828514724771 0 0 0 0 0 0 0 0 0 0 0 29.8206778933779 0 32.0231043902685 0 0 0 0 0 0 0 0 0 0 -13.1374668048652 0 0 0 0 0 0 0 0 0 0 0 30.9936891925674 0 0 -43.9319979576852 0 0 0 0 0 0 0 0 0 0 0 0 0 0 0 0 0 0 0 0 0 0 0 0 0 0 0 0 0 0 0 0 0 0 0 0 0 0 0 0 0 0 0 0 0 0 0 0 0 0 0 0 0 0 0 0 0 0 0 0 0 0 0 0 0 0 522.730955777568
0 0 -40.9249172532169 30.5585641902073 0 4.69809195662681 0 0 0 0 0 0 0 0 0 0 0 0 0 0 0 0 0 0 0 0 0 0 0 0 0 0 0 39.5124242734885 0 0 0 0 0 0 0 0 0 0 0 0 0 0 0 0 0 0 0 0 0 0 0 0 0 0 0 0 0 0 0 0 0 0 0 0 0 0 0 0 0 0 0 0 0 0 0 0 0 0 0 0 0 0 0 0 0 0 0 0 0 0 0 0 0 0 0 0 0 0 0 0 0 0 0 0 0 0 0 0 0 0 0 0 0 0 0 0 0 0 0 0 0 0 187.632555223623
0 0 0 0 0 0 0 0 0 0 0 0 0 0 0 0 0 0 0 0 -31.3141238410811 0 0 0 0 0 0 0 0 0 0 0 0 0 0 0 0 0 0 0 0 0 0 0 0 0 0 0 0 0 0 0 0 0 33.2460573908841 0 0 0 0 -43.7360226578702 0 0 0 0 0 0 0 0 0 0 0 0 0 0 0 0 0 0 0 0 0 0 0 0 0 0 0 0 0 0 0 0 0 0 0 0 0 0 0 0 0 0 0 0 0 0 0 0 0 0 0 0 0 0 0 0 0 0 0 0 0 0 0 0 0 0 0 0 -297.003443250302
10.0029557848887 0 0 0 -43.992787339192 0 0 0 0 0 0 0 0 0 0 0 -26.6467089372098 0 0 0 -28.0293646854733 0 0 0 0 0 0 0 0 0 0 -24.0749619539783 0 0 9.92851617430389 0 0 19.4915398370391 0 0 0 0 0 0 42.2127964308747 0 0 0 0 0 0 0 0 0 0 0 0 0 0 0 0 0 15.5575466925251 0 0 0 0 0 0 0 0 0 0 0 0 0 0 0 0 0 0 0 0 0 0 0 0 0 0 0 0 0 0 0 0 0 0 0 0 0 0 0 0 0 0 0 0 0 0 0 0 0 0 0 0 0 0 0 0 0 0 0 0 0 0 0 0 0 -127.300849116532
0 0 0 0 0 0 0 0 0 13.3643357559537 0 0 0 0 0 0 -9.82018607067201 0 0 0 0 0 0 0 0 0 0 0 0 0 0 0 0 0 0 0 0 0 0 0 0 0 0 0 -14.2158003294912 0 0 0 0 0 0 0 -4.60124005050918 0 0 0 0 0 0 0 0 0 0 0 0 0 0 0 0 0 0 0 0 0 0 0 0 0 0 0 0 0 0 0 0 0 0 0 0 0 0 0 0 0 0 0 0 0 0 0 0 0 0 0 0 0 0 0 0 0 0 0 0 0 0 0 0 0 0 0 0 0 0 0 0 0 0 0 -190.293072053656
-37.3097838661989 -20.5810528274841 22.1866707358229 -5.84499198977511 2.23800612995143 -17.6586658598125 14.704969823603 10.8968839884074 -8.22680539525274 -57.0263410905712 -14.9057011718686 19.6454210547815 -15.5303955489105 5.36526297976557 13.531095572487 41.016271500887 52.61344426763 3.16101493908334 18.199987315361 -45.6516223606615 12.2210031171728 6.76656831236028 -6.27069833869463 -4.86149299848299 -0.370801333233439 29.8489808811866 -11.4777789728712 -24.0561926522197 8.86197244441632 22.3184934307414 0.366278232250642 58.3458318895528 -22.4020616133532 14.6810308529011 53.0795346648951 53.7157318175783 -53.5298079550276 -8.48292602652854 17.4262796861814 -0.0208100133159661 5.14825074413743 -8.01215080107412 6.14805095109637 66.2355044904318 -40.1498487602452 43.857401367919 -0.65142200414205 17.7755645070137 -57.6054023312873 -5.27308636596058 38.0227254016001 22.8404325343907 8.4960488234782 33.042350461016 -26.9209079065373 1.47158112408614 7.69488893300477 43.6999166662838 32.2132866384343 19.3429166343292 16.2561708470296 -39.0174402411993 4.49849222540414 -83.6318601689251 0 0 0 0 0 0 0 0 0 0 0 0 0 0 0 0 0 0 0 0 0 0 0 0 0 0 0 0 0 0 0 0 0 0 0 0 0 0 0 0 0 0 0 0 0 0 0 0 0 0 0 0 0 0 0 0 0 0 0 0 0 0 0 0 0
