0 0 0 0 0 49.5012528480035 0 0 0 0 0 0 0 0 0 0 0 0 0 0 0 0 -28.9622392784923 0 -8.42692668272189 0 -33.7992492871824 0 0 0 -25.0278022892168 0 1 0 0 0 0 0 0 0 0 0 0 0 0 0 0 0 0 0 0 0 0 0 0 0 0 0 0 0 0 0 0 0 -402.388864975757
0 0 0 -10.6292317742206 0 0 0 -15.9833339358064 0 0 0 0 0 0 0 0 0 0 0 0 0 42.8524883667688 0 0 0 0 -4.72761462568437 0 0 0 0 0 0 1 0 0 0 0 0 0 0 0 0 0 0 0 0 0 0 0 0 0 0 0 0 0 0 0 0 0 0 0 0 0 -247.916362250315
0 0 0 0 0 2.65665766525548 0.115412512553603 0 0 0 0 0 0 0 0 0 0 0 0 0 0 31.0326381468528 0 0 30.4838200476692 0 0 0 0 0 0 0 0 0 1 0 0 0 0 0 0 0 0 0 0 0 0 0 0 0 0 0 0 0 0 0 0 0 0 0 0 0 0 0 201.739645493829
0 0 0 0 0 0 0 0 0 -38.2179167689094 0 0 0 0 0 0 0 0 0 11.8350228920607 0 27.2727522655687 0 -21.5161545140182 0 0 0 0 0 0 0 0 0 0 0 1 0 0 0 0 0 0 0 0 0 0 0 0 0 0 0 0 0 0 0 0 0 0 0 0 0 0 0 0 -396.192002223722
0 0 0 0 0 0 -23.0879762164527 0 -3.38837467291484 0 0 0 0 0 -12.8749675164633 0 0 0 0 0 0 0 0 0 0 0 0 0 0 0 0 0 0 0 0 0 1 0 0 0 0 0 0 0 0 0 0 0 0 0 0 0 0 0 0 0 0 0 0 0 0 0 0 0 -186.857928428959
0 0 0 0 -2.07593332113255 -6.1792313265391 0 0 0 0 0 0 0 0 0 0 0 -24.4773804136388 -35.8862356359845 0 0 0 0 0 0 0 0 -23.3828040460878 -15.1516277794123 0 0 0 0 0 0 0 0 1 0 0 0 0 0 0 0 0 0 0 0 0 0 0 0 0 0 0 0 0 0 0 0 0 0 0 -583.434119930667
0 0 0 0 0 0 0 -24.747803498412 0 0 0 0 0 0 0 0 0 0 0 0 0 -48.2281971567067 -4.92525109175111 0 0 0 0 0 40.4581695652367 0 0 0 0 0 0 0 0 0 1 0 0 0 0 0 0 0 0 0 0 0 0 0 0 0 0 0 0 0 0 0 0 0 0 0 155.222696036627
15.7064984368632 -35.6567619015395 0 0 0 0 0 0 0 0 0 0 0 0 0 0 0 0 0 0 0 -24.1503163414698 0 0 0 0 0 0 0 0 0 0 0 0 0 0 0 0 0 1 0 0 0 0 0 0 0 0 0 0 0 0 0 0 0 0 0 0 0 0 0 0 0 0 -279.276721548842
0 0 0 0 0 0 0 0 0 0 0 0 0 0 0 0 0 0 0 29.1264715699055 22.7379890178898 0 0 0 0 0 0 0 0 0 0 32.3118525431626 0 0 0 0 0 0 0 0 1 0 0 0 0 0 0 0 0 0 0 0 0 0 0 0 0 0 0 0 0 0 0 0 400.884945338062
0 0 0 0 0 0 0 43.6302772522354 -30.8828407991505 0 2.69436607084196 0 0 0 -21.939003939176 0 0 0 0 0 0 0 0 0 0 0 0 0 0 0 0 0 0 0 0 0 0 0 0 0 0 1 0 0 0 0 0 0 0 0 0 0 0 0 0 0 0 0 0 0 0 0 0 0 30.6407101151598
0 -9.16125732055414 0 0 0 0 0 0 0 0 0 0 0 -26.0147092454441 -14.244441822439 0 0 0 0 0 0 0 0 0 -33.5679008693566 -49.7470305522121 0 0 0 0 0 0 0 0 0 0 0 0 0 0 0 0 1 0 0 0 0 0 0 0 0 0 0 0 0 0 0 0 0 0 0 0 0 0 -1071.97202995774
0 0 0 -9.33419726811705 0 0 -22.0382331166653 0 0 0 0 0 0 0 0 0 0 0 -32.2724479737919 0 0 0 0 8.56579770625748 0 0 0 0 0 0 0 0 0 0 0 0 0 0 0 0 0 0 0 1 0 0 0 0 0 0 0 0 0 0 0 0 0 0 0 0 0 0 0 0 -424.761143458462
0 0 0 0 0 0 0 0 0 0 0 0 0 0 0 0 0 0 0 0 0 0 0 0 0 0 0 0 0 0 0 0 0 0 0 0 0 0 0 0 0 0 0 0 1 0 0 0 0 0 0 0 0 0 0 0 0 0 0 0 0 0 0 0 0
0 0 0 0 0 0 0 0 0 0 22.1518188832355 0 0 0 22.126091470881 0 0 0 0 0 0.858611963572253 0 0 0 0 0 0 0 0 0 0 0 0 0 0 0 0 0 0 0 0 0 0 0 0 1 0 0 0 0 0 0 0 0 0 0 0 0 0 0 0 0 0 0 181.454101227423
0 0 0 0 0 0 0 0 0 0 0 0 -17.4074170581116 0 0 -4.51621027444244 0 0 0 0 0 0 0 0 0 0 0 0 0 0 0 0 0 0 0 0 0 0 0 0 0 0 0 0 0 0 1 0 0 0 0 0 0 0 0 0 0 0 0 0 0 0 0 0 -115.597408382966
0 0 0 0 0 0 0 0 0 0 0 0 0 0 0 0 0 0 0 0 0 0 0 0 -20.3119401664223 0 0 0 0 0 0 0 0 0 0 0 0 0 0 0 0 0 0 0 0 0 0 1 0 0 0 0 0 0 0 0 0 0 0 0 0 0 0 0 -131.131453079113
0 0 0 0 0 0 0 0 0 0 18.3026854068294 0 0 0 0 0 0 0 0 0 0 0 0 0 0 0 0 0 0 0 0 0 0 0 0 0 0 0 0 0 0 0 0 0 0 0 0 0 1 0 0 0 0 0 0 0 0 0 0 0 0 0 0 0 12.8652589147294
42.4728143195075 0 0 -20.8254347327769 0 0 0 0 0 0 0 0 0 0 0 0 0 0 0 0 0 0 0 0 0 0 0 0 0 0 0 0 0 0 0 0 0 0 0 0 0 0 0 0 0 0 0 0 0 1 0 0 0 0 0 0 0 0 0 0 0 0 0 0 -9.52384798887252
0 0 0 0 -2.40057649300264 0 0 0 0 0 0 0 0 0 0 0 0 0 0 0 0 0 0 0 0 0 -10.8455658889113 0 0 0 0 0 0 0 0 0 0 0 0 0 0 0 0 0 0 0 0 0 0 0 1 0 0 0 0 0 0 0 0 0 0 0 0 0 -76.6577769227315
0 0 0 0 0 0 0 0 0 0 0 0 0 0 0 0 0 0 0 0 0 0 0 0 0 0 0 0 0 0 0 0 0 0 0 0 0 0 0 0 0 0 0 0 0 0 0 0 0 0 0 1 0 0 0 0 0 0 0 0 0 0 0 0 0
0 0 0 0 0 0 0 -18.1104115690107 0 0 0 0 0 -9.98141728784848 0 0 37.7592539852425 0 0 0 0 0 0 0 0 0 0 0 0 0 0 0 0 0 0 0 0 0 0 0 0 0 0 0 0 0 0 0 0 0 0 0 1 0 0 0 0 0 0 0 0 0 0 0 134.046523623052
0 0 0 0 0 45.3160377075742 0 0 0 0 0 0 0 0 0 0 0 0 0 0 0 0 0 0 0 0 0 0 0 0 0 0 0 0 0 0 0 0 0 0 0 0 0 0 0 0 0 0 0 0 0 0 0 1 0 0 0 0 0 0 0 0 0 0 60.2234250579785
0 0 0 0 0 0 0 0 0 0 0 0 0 0 0 0 0 0 0 0 0 0 -49.5616561745542 0 0 0 0 10.1428139592099 0 0 0 0 0 0 0 0 0 0 0 0 0 0 0 0 0 0 0 0 0 0 0 0 0 0 1 0 0 0 0 0 0 0 0 0 -244.093048606951
0 0 28.5577616211084 0 13.8506626625535 0 0 0 0 0 0 0 0 0 0 0 0 0 0 0 0 0 0 0 0 0 0 0 0 0 0 0 0 0 0 0 0 0 0 0 0 0 0 0 0 0 0 0 0 0 0 0 0 0 0 1 0 0 0 0 0 0 0 0 216.873731290495
0 0 0 0 0 0 0 0 0 0 0 -38.2985209388905 0 0 21.0512764054586 0 0 0 0 0 0 -40.2250261418682 0 0 0 0 0 8.47656084539119 0 0 0 0 0 0 0 0 0 0 0 0 0 0 0 0 0 0 0 0 0 0 0 0 0 0 0 0 1 0 0 0 0 0 0 0 29.9141330358955
0 0 0 0 0 0 0 0 0 0 0 0 0 0 0 0 0 34.7564771084339 0 0 0 0 0 0 0 -26.9274630447778 0 -30.4012087333899 0 -46.2171842466207 0 0 0 0 0 0 0 0 0 0 0 0 0 0 0 0 0 0 0 0 0 0 0 0 0 0 0 1 0 0 0 0 0 0 -271.12391052294
32.7546700974101 0 0 0 0 0 0 0 -47.1738326227986 0 0 0 0 -13.2761388954714 0 0 0 0 0 0 -32.5188533635546 0 0 0 0 0 0 0.407300915687481 0 0 0 0 0 0 0 0 0 0 0 0 0 0 0 0 0 0 0 0 0 0 0 0 0 0 0 0 0 0 1 0 0 0 0 0 -278.643803778762
0 0 0 -0.401380199751855 0 0 0 0 0 0 0 0 36.4881433700093 0 0 0 0 0 0 0 0 0 0 0 0 0 0 0 0 0 7.11395831148516 0 0 0 0 0 0 0 0 0 0 0 0 0 0 0 0 0 0 0 0 0 0 0 0 0 0 0 0 1 0 0 0 0 218.464595228493
0 0 0 0 0 0 0 0 -32.8984418537252 0 0 40.8353001332888 0 0 0 0 0 0 0 0 0 0 0 0 0 0 0 0 0 0 0 0 0 0 0 0 0 0 0 0 0 0 0 0 0 0 0 0 0 0 0 0 0 0 0 0 0 0 0 0 1 0 0 0 18.1869573685908
0 0 16.3637726947259 0 0 0 0 0 0 0 0 0 0 0 0 0 0 0 0 0 0 0.268899189232064 0 0 0 32.2084970197406 0 0 -21.2303162143704 0 0 0 0 0 0 0 0 0 0 0 0 0 0 0 0 0 0 0 0 0 0 0 0 0 0 0 0 0 0 0 0 1 0 0 190.754041892395
0 0 38.0965097265547 0 0 0 0 0 0 0 0 0 0 0 0 0 0 0 0 0 0 0 0 0 0 3.14381385927962 0 -40.7406356206391 0 0 0 0 0 0 0 0 0 0 0 0 0 0 0 0 0 0 0 0 0 0 0 0 0 0 0 0 0 0 0 0 0 0 1 0 113.023217796243
0 0 0 0 0 0 0 0 0 0 0 0 0 0 0 0 0 0 0 0 0 0 0 0 0 -1.6455733715159 -17.8202847646274 4.30806465734219 0 45.670387506052 0 0 0 0 0 0 0 0 0 0 0 0 0 0 0 0 0 0 0 0 0 0 0 0 0 0 0 0 0 0 0 0 0 1 -100.967716922159
0 0 0 0 0 0 0 0 0 0 0 0 -13.2475822399769 0 0 0 0 0 -47.353931601622 0 0 0 0 0 0 0 23.9510538613349 0 0 0 0 0 0 0 0 0 0 0 0 0 0 0 0 0 0 0 0 0 0 0 0 0 0 0 0 0 0 0 0 0 0 0 0 0 -355.722405944802
0 0 0 0 0 -17.5115031923372 16.5286534428497 0 0 0 0 0 0 0 -0.215370508128687 0 0 0 0 0 0 0 0 0 0 0 0 0 0 35.768517257621 0 0 0 0 0 0 0 0 0 0 0 0 0 0 0 0 0 0 0 0 0 0 0 0 0 0 0 0 0 0 0 0 0 0 37.3821709475423
0 0 0 0 0 0 0 0 0 0 0 0 24.8631965670332 0 0 0 0 0 0 0 -10.2084179666211 0 0 0 0 0 0 0 1.41143552584124 0 0 0 0 0 0 0 0 0 0 0 0 0 0 0 0 0 0 0 0 0 0 0 0 0 0 0 0 0 0 0 0 0 0 0 110.990904178056
0 0 0 0 0 0 0 0 0 8.3756327905349 0 0 0 0 0 0 0 0 0 0 0 0 0 0 0 0.8243785545476 0 0 0 0 0 0 0 0 0 0 0 0 0 0 0 0 0 0 0 0 0 0 0 0 0 0 0 0 0 0 0 0 0 0 0 0 0 0 85.1360086606469
0 0 0 0 23.3870809705105 0 0 0 22.8590066738009 0 -30.5870263786598 -4.51073179206559 0 0 0 0 0 0 0 0 1.86163053312298 0 0 0 0 0 0 0 0 0 0 0 0 0 0 0 0 0 0 0 0 0 0 0 0 0 0 0 0 0 0 0 0 0 0 0 0 0 0 0 0 0 0 0 189.944931376974
0 0 0 0 0 0 0 0 0 0 0 0 0 0 0 0 0 0 0 0 0 -35.0914238932903 0 0 0 0 0 0 0 0 28.1939941512405 0 0 0 0 0 0 0 0 0 0 0 0 0 0 0 0 0 0 0 0 0 0 0 0 0 0 0 0 0 0 0 0 0 63.1093043586217
0 0 0 0 0 0 0 0 0 0 0 0 0 0 0 0 0 0 0 0 0 0 0 0 0 0 0 0 0 0 0 0 0 0 0 0 0 0 0 0 0 0 0 0 0 0 0 0 0 0 0 0 0 0 0 0 0 0 0 0 0 0 0 0 0
0 0 0 0 0 0 0 0 0 0 0 -33.4567020463671 0 -0.47760389047542 0 -24.0824970261408 0 0 0 0 0 0 0 0 0 12.1758736974696 0 0 0 0 0 0 0 0 0 0 0 0 0 0 0 0 0 0 0 0 0 0 0 0 0 0 0 0 0 0 0 0 0 0 0 0 0 0 -108.858318637391
0 0 0 0 0 0 -4.28882255077812 -24.4544208881722 0 0 0 0 0 0 0 0 0 3.4400622572249 0 0 -40.8378503528506 0 0 0 0 0 0 0 0 0 0 0 0 0 0 0 0 0 0 0 0 0 0 0 0 0 0 0 0 0 0 0 0 0 0 0 0 0 0 0 0 0 0 0 -355.111234025018
0 0 0 0 0 0 0 0 0 0 0 0 0 0 0 0 0 0 0 0 6.15329843565661 35.2199876924213 22.7490602774095 3.8697511160083 0 0 0 0 17.1617075904606 0 0 0 0 0 0 0 0 0 0 0 0 0 0 0 0 0 0 0 0 0 0 0 0 0 0 0 0 0 0 0 0 0 0 0 318.578168912486
0 0 0 0 0 0 36.0682517484911 5.19277130187896 0 0 0 0 0 0 0 0 0 41.0683115282866 0 0 0 0 0 0 0 5.6749508305831 0 0 0 0 0 0 0 0 0 0 0 0 0 0 0 0 0 0 0 0 0 0 0 0 0 0 0 0 0 0 0 0 0 0 0 0 0 0 292.37179081983
0 0 0 0 0 0 0 0 0 0 0 0 0 0 0 0 0 0 0 0 0 0 0 35.8337826159205 0 0 0 0 0 0 0 0 0 0 0 0 0 0 0 0 0 0 0 0 0 0 0 0 0 0 0 0 0 0 0 0 0 0 0 0 0 0 0 0 123.629083867782
0 0 0 -4.72371944256955 0 0 -33.9384093702195 -26.2784906205466 0 0 0 0 0 0 0 11.1743375274072 0 0 0 0 0 0 0 0 0 0 0 0 0 0 0 0 0 0 0 0 0 0 0 0 0 0 0 0 0 0 0 0 0 0 0 0 0 0 0 0 0 0 0 0 0 0 0 0 -310.761493276704
0 0 0 0 0 0 0 0 0 0 -6.62782933006919 0 0 0 0 0 0 0 0 0 0 0 0 0 10.7155314894792 0 0 -26.3344164864259 0 0 0 43.3524933977363 0 0 0 0 0 0 0 0 0 0 0 0 0 0 0 0 0 0 0 0 0 0 0 0 0 0 0 0 0 0 0 0 306.666995792255
0 0 0 20.3408954785415 0 0 0 0 17.563525774412 0 -10.6364185674825 0 0 0 0 0 0 0 0 0 0 0 0 0 0 0 14.7503736778851 0 0 0 0 0 0 0 0 0 0 0 0 0 0 0 0 0 0 0 0 0 0 0 0 0 0 0 0 0 0 0 0 0 0 0 0 0 353.183216456891
0 0 0 0 0 0 -5.07448494658092 0 0 0 0 0 0 0 0 0 0 0 0 0 0 0 0 0 48.9971796830069 0 0 0 0 0 0 0 0 0 0 0 0 0 0 0 0 0 0 0 0 0 0 0 0 0 0 0 0 0 0 0 0 0 0 0 0 0 0 0 299.10710871577
0 0 0 0 0 0 0 0 0 0 -40.638518721415 0 0 0 0 0 0 0 0 0 0 0 0 0 0 0 0 -3.16259478314249 0 0 0 0 0 0 0 0 0 0 0 0 0 0 0 0 0 0 0 0 0 0 0 0 0 0 0 0 0 0 0 0 0 0 0 0 -36.8073011495393
0 0 0 19.3682230951478 0 44.1818199036467 0 0 0 0 0 0 0 0 0 0 0 13.1511658819372 0 0 0 0 0 0 0 0 11.7115987180577 0 0 0 0 0 0 0 0 0 0 0 0 0 0 0 0 0 0 0 0 0 0 0 0 0 0 0 0 0 0 0 0 0 0 0 0 0 344.289393498773
0 14.3528901806731 0 0 -34.8467263194157 0 0 0 0 0 0 0 0 0 0 0 0 0 0 -25.5331773759015 0 0 0 0 0 0 0 0 0 0 0 0 0 0 0 0 0 0 0 0 0 0 0 0 0 0 0 0 0 0 0 0 0 0 0 0 0 0 0 0 0 0 0 0 -112.121909589763
0 5.0142288677071 0 0 0 0 0 0 0 0 0 0 0 0 0 0 0 0 0 0 0 -25.8692382111566 0 0 0 0 0.406384208307198 0 0 0 0 0 0 0 0 0 0 0 0 0 0 0 0 0 0 0 0 0 0 0 0 0 0 0 0 0 0 0 0 0 0 0 0 0 50.9066230342721
0 0 0 0 0 30.1251837979967 0 0 0 0 0 0 0 0 16.351503821258 0 0 -46.3226635485137 0 0 0 0 0 0 0 0 0 0 0 0 0 0 0 0 0 0 0 0 0 0 0 0 0 0 0 0 0 0 0 0 0 0 0 0 0 0 0 0 0 0 0 0 0 0 70.5883555363801
0 0 0 0 0 0 0 0 0 0 -29.1970229812874 -9.68768490349691 0 0 0 0 41.8238226617969 0 10.7991386824477 -28.170002523249 0 -15.1084499630399 0 0 0 0 0 0 0 0 0 -23.2080619632089 0 0 0 0 0 0 0 0 0 0 0 0 0 0 0 0 0 0 0 0 0 0 0 0 0 0 0 0 0 0 0 0 177.641654260899
0 0 0 0 0 0 -11.4614072452639 37.827511374199 0 0 0 0 0 0 0 0 0 0 0 0 0 0 0 0 0 0 0 0 0 0 0 0 0 0 0 0 0 0 0 0 0 0 0 0 0 0 0 0 0 0 0 0 0 0 0 0 0 0 0 0 0 0 0 0 236.888243763232
5.50247762374826 0 0 0 0 0 0 0 0 0 0 0 0 0 0 0 0 0 0 0 0 0 0 0 -17.5091933895154 0 0 0 0 0 0 0 0 0 0 0 0 0 0 0 0 0 0 0 0 0 0 0 0 0 0 0 0 0 0 0 0 0 0 0 0 0 0 0 -87.6147907479816
0 0 0 0 14.853574184727 11.0403619390566 0 0 0 0 0 0 0 0 0 0 0 0 0 0 0 -41.1037370856951 0 0 0 0 0 0 0 0 0 0 0 0 0 0 0 0 0 0 0 0 0 0 0 0 0 0 0 0 0 0 0 0 0 0 0 0 0 0 0 0 0 0 93.2513156985826
0 0 0 0 0 0 -13.3194512627493 0 0 0 0 0 0 0 0 0 0 0 0 0 0 0 0 0 0 43.9952424962599 0 0 0 0 0 0 0 0 0 0 0 0 0 0 0 0 0 0 0 0 0 0 0 0 0 0 0 0 0 0 0 0 0 0 0 0 0 0 364.937258600835
0 0 0 42.281351256635 0 0 0 0 0 0 0 0 0 0 0 0 0 0 0 0 0 0 0 0 0 0 0 0 0 -23.914271145811 0 0 0 0 0 0 0 0 0 0 0 0 0 0 0 0 0 0 0 0 0 0 0 0 0 0 0 0 0 0 0 0 0 0 413.617091915317
-23.5426708447046 0 0 0 0 28.0330797204811 0 0 0 0 0 0 0 0 0 0 0 0 0 0 -9.80922083902687 38.645591662546 0 0 0 0 0 0 0 0 0 0 0 0 0 0 0 0 0 0 0 0 0 0 0 0 0 0 0 0 0 0 0 0 0 0 0 0 0 0 0 0 0 0 -110.825736016956
0 0 0 0 0 0 0 0 0 0 0 0 0 0 0 0 0 0 0 0 0 0 0 0 0 -4.78129360234093 0 0 0 0 0 0 0 0 0 0 0 0 0 0 0 0 0 0 0 0 0 0 0 0 0 0 0 0 0 0 0 0 0 0 0 0 0 0 -44.5705248063443
0 0 0 0 0 0 0 0 0 0 -0.301147326726292 0 0 0 0 0 0 0 0 0 0 -12.7038133931114 0 0 0 0 0 0 0 0 0 0 0 0 0 0 0 0 0 0 0 0 0 0 0 0 0 0 0 0 0 0 0 0 0 0 0 0 0 0 0 0 0 0 -0.628282892439371
0 0 0 0 0 0 0 0 0 -11.8290458091413 0 0 0 0 0 0 -4.19143490868791 0 0 0 21.7784945764994 0 0 0 0 0 0 0 0 0 0 0 0 0 0 0 0 0 0 0 0 0 0 0 0 0 0 0 0 0 0 0 0 0 0 0 0 0 0 0 0 0 0 0 -57.2155109734745
0 0 0 0 0 0 0 0 0 0 0 0 0 0 0 0 0 0 0 0 0 0 0 0 0 0 22.9951268495423 0 0 0 0 0 0 0 0 0 0 0 0 0 0 0 0 0 0 0 0 0 0 0 0 0 0 0 0 0 0 0 0 0 0 0 0 0 135.144265383021
0 0 0 0 -16.3867936837556 0 0 0 0 -3.57020539627171 -12.2294287383495 0 0 0 0 0 0 0 -43.6050175192397 0 0 0 48.2701953767416 0 0 0 0 0 0 0 0 0 0 0 0 0 0 0 0 0 0 0 0 0 0 0 0 0 0 0 0 0 0 0 0 0 0 0 0 0 0 0 0 0 -254.548137963162
0 0 0 0 9.62931821893948 0 0 0 0 0 0 0 0 0 0 0 0 0 0 0 0 0 0 0 0 0 0 0 0 -4.98631659999573 0 0 0 0 0 0 0 0 0 0 0 0 0 0 0 0 0 0 0 0 0 0 0 0 0 0 0 0 0 0 0 0 0 0 50.9553518667358
0 0 0 0 0 0 0 0 0 0 0 0 0 0 0 0 0 0 0 0 0 0 0 0 0 0 0 0 0 0 0 0 0 0 0 0 0 0 0 0 0 0 0 0 0 0 0 0 0 0 0 0 0 0 0 0 0 0 0 0 0 0 0 0 0
0 0 0 0 0 0 0 0 0 47.2010588597495 0 0 0 18.8654393677232 0 0 0 0 0 0 0 0 0 0 0 0 0 0 0 0 0 0 0 0 0 0 0 0 0 0 0 0 0 0 0 0 0 0 0 0 0 0 0 0 0 0 0 0 0 0 0 0 0 0 579.212671986671
0 0 0 0 0 0 0 0 0 0 0 0 0 0 0 0 0 0 0 0 0 0 0 0 -1.20166312634836 0 0 0 0 0 0 0 0 0 0 0 0 0 0 0 0 0 0 0 0 0 0 0 0 0 0 0 0 0 0 0 0 0 0 0 0 0 0 0 -7.75779322795266
0 0 0 0 0 0 0 0 0 0 0 0 0 0 0 0 0 0 0 0 0 0 0 0 0 0 0 0 0 0 0 0 0 0 0 0 0 0 0 0 0 0 0 0 0 0 0 0 0 0 0 0 0 0 0 0 0 0 0 0 0 0 0 0 0
-14.2653539158269 0 -6.85120548186896 -29.3805229295279 0 0 0 0 0 0 0 0 0 0 0 0 0 0 0 0 0 0 0 0 0 0 0 0 0 0 0 0 0 0 0 0 0 0 0 0 0 0 0 0 0 0 0 0 0 0 0 0 0 0 0 0 0 0 0 0 0 0 0 0 -390.338460497486
0 0 0 4.4849909479693 0 0 0 0 45.7502087527355 0 0 0 0 0 -31.2994830331185 0 0 0 0 0 0 0 0 0 0 0 0 0 0 0 0 0 0 0 0 0 0 0 0 0 0 0 0 0 0 0 0 0 0 0 0 0 0 0 0 0 0 0 0 0 0 0 0 0 4.83629942703436
0 0 0 27.020479533809 0 0 0 0 33.7380501044341 40.8313740355502 0 0 0 0 0 0 0 0 0 0 0 0 0 0 0 0 0 0 0 0 0 0 0 0 0 0 0 0 0 0 0 0 0 0 0 0 0 0 0 0 0 0 0 0 0 0 0 0 0 0 0 0 0 0 784.77000051245
0 0 0 0 0 0 0 0 0 0 0 0 0 0 0 0 0 0 0 0 0 0 0 0 0 0 13.0663070676491 0 0 0 0 0 0 0 0 0 0 0 0 0 0 0 0 0 0 0 0 0 0 0 0 0 0 0 0 0 0 0 0 0 0 0 0 0 76.7917690335137
0 0 0 0 0 0 0 0 0 0 0 0 0 0 0 0 0 0 0 0 0 0 0 0 9.35944489250058 0 0 0 27.2602644287646 0 0 0 0 0 0 0 0 0 0 0 0 0 0 0 0 0 0 0 0 0 0 0 0 0 0 0 0 0 0 0 0 0 0 0 305.751074472798
0 0 0 0 0 -22.6931351378754 0 0 0 0 0 0 0 0 0 0 0 -49.1762384956908 0 0 0 0 0 -23.1581195300346 0 0 3.38546391936502 0 -27.4858868529957 0 0 0 0 0 0 0 0 0 0 0 0 0 0 0 0 0 0 0 0 0 0 0 0 0 0 0 0 0 0 0 0 0 0 0 -432.437276619599
0 0 0 0 0 0 0 0 0 0 0 0 0 0 0 0 0 0 0 0 0 0 0 0 0 0 0 0 0 0 0 0 0 0 0 0 0 0 0 0 0 0 0 0 0 0 0 0 0 0 0 0 0 0 0 0 0 0 0 0 0 0 0 0 0
0 0 0 0 0 0 41.2491011918331 0 0 0 0 0 0 0 0 0 0 0 0 0 0 -38.7261458967132 0 0 0 0 0 0 0 0 0 0 0 0 0 0 0 0 0 0 0 0 0 0 0 0 0 0 0 0 0 0 0 0 0 0 0 0 0 0 0 0 0 0 138.648307717292
0 0 0 0 0 0 -23.365795678927 0 0 0 0 0 0 0 0 0 0 0 0 0 -2.02039324043027 0 0 0 16.0934322904922 0 33.5947091311739 0 0 13.4712730305659 30.6840616944945 0 0 0 0 0 0 0 0 0 0 0 0 0 0 0 0 0 0 0 0 0 0 0 0 0 0 0 0 0 0 0 0 0 285.979882954699
0 0 0 0 7.24203364097281 0 0 0 0 0 0 0 0 -0.828869308688707 0 0 0 0 0 30.1513667317031 0 0 0 -5.89485995031098 0 0 -45.1130272814358 0 0 0 0 0 0 0 0 0 0 0 0 0 0 0 0 0 0 0 0 0 0 0 0 0 0 0 0 0 0 0 0 0 0 0 0 0 -174.928998838759
0 0 0 0 0 0 0 0 0 0 0 0 0 0 0 0 0 0 0 0 0 0 0 0 0 0 0 48.7460290905757 24.9249478345187 0 0 0 0 0 0 0 0 0 0 0 0 0 0 0 0 0 0 0 0 0 0 0 0 0 0 0 0 0 0 0 0 0 0 0 351.344654221523
0 7.86447718377037 0 0 0 0 0 0 0 0 0 0 0 0 0 -16.583341172795 0 0 0 0 9.33519929178346 0 0 0 0 0 0 0 0 0 0 0 0 0 0 0 0 0 0 0 0 0 0 0 0 0 0 0 0 0 0 0 0 0 0 0 0 0 0 0 0 0 0 0 52.8207484733419
0 0 0 0 40.1644291983509 0 0 0 0 0 0 0 0 0 0 0 0 0 0 0 0 0 0 34.2945140317962 0 0 0 0 0 0 0 0 0 0 0 0 0 0 0 0 0 0 0 0 0 0 0 0 0 0 0 0 0 0 0 0 0 0 0 0 0 0 0 0 334.443051855306
0 0 36.8416133921232 0 0 0 0 0 0 0 0 0 0 0 0 0 -39.6362801601515 0 0 28.7310609496386 0 0 0 -9.40391053476755 0 0 0 0 0 0 0 0 0 0 0 0 0 0 0 0 0 0 0 0 0 0 0 0 0 0 0 0 0 0 0 0 0 0 0 0 0 0 0 0 -133.206235553482
0 0 0 0 0 0 0 0 0 0 0 0 0 0 0 0 0 0 0 0 0 0 0 0 0 -19.3033154319055 0 0 0 0 0 0 0 0 0 0 0 0 0 0 0 0 0 0 0 0 0 0 0 0 0 0 0 0 0 0 0 0 0 0 0 0 0 0 -179.942703974757
0 -47.3479675423496 0 0 0 0 0 0 0 0 21.0455875645696 0 0 0 0 0 0 34.3627569565131 0 0 0 0 0 0 0 0 0 0 0 0 0 0 0 0 0 0 0 0 0 0 0 0 0 0 0 0 0 0 0 0 0 0 0 0 0 0 0 0 0 0 0 0 0 0 -385.034649540761
0 0 0 0 0 0 0 0 0 0 0 0 0 0 0 0 0 0 0 0 0 0 0 0 0 0 0 0 0 0 0 -45.011219471776 0 0 0 0 0 0 0 0 0 0 0 0 0 0 0 0 0 0 0 0 0 0 0 0 0 0 0 0 0 0 0 0 -322.666614419431
0 0 0 0 0 0 0 0 0 0 0 0 0 0 0 0 -25.4368596944889 0 0 0 45.0156813805664 0 0 -38.9919615899436 45.7974988272248 0 0 0 0 0 0 0 0 0 0 0 0 0 0 0 0 0 0 0 0 0 0 0 0 0 0 0 0 0 0 0 0 0 0 0 0 0 0 0 117.232535475239
0 0 0 0 0 0 0 0 0 -15.4613966342683 0 0 0 0 0 0 0 0 0 0 0 0 0 0 0 0 0 0 0 0 0 38.0448196157124 0 0 0 0 0 0 0 0 0 0 0 0 0 0 0 0 0 0 0 0 0 0 0 0 0 0 0 0 0 0 0 0 129.752557988301
0 0 0 -22.3970492509815 0 21.4448536660363 -45.0284255250946 -39.2746437844221 0 0 0 0 0 0 35.8990753529828 -7.57205318882286 6.25256850056726 0 0 0 0 0 0 0 0 0 0 0 0 0 0 0 0 0 0 0 0 0 0 0 0 0 0 0 0 0 0 0 0 0 0 0 0 0 0 0 0 0 0 0 0 0 0 0 -340.762193673346
0 0 0 0 0 0 0 0 0 0 0 0 0 0 0 0 0 0 0 0 0 0 0 0 0 0 0 0 0 0 0 0 0 0 0 0 0 0 0 0 0 0 0 0 0 0 0 0 0 0 0 0 0 0 0 0 0 0 0 0 0 0 0 0 0
0 0 0 0 23.2724594304781 0 0 0 0 46.0882982461081 0 0 0 0 0 0 0 0 0 0 0 0 0 0 0 0 0 0 -44.086501611013 0 0 0 0 0 0 0 0 0 0 0 0 0 0 0 0 0 0 0 0 0 0 0 0 0 0 0 0 0 0 0 0 0 0 0 154.662693644978
0 -38.0433911985039 0 0 -36.919984836345 0 0 30.2720515516512 0 0 0 -33.9829142831436 0 0 0 0 0 0 0 0 0 0 0 0 0 0 0 0 0 0 0 0 0 0 0 0 0 0 0 0 0 0 0 0 0 0 0 0 0 0 0 0 0 0 0 0 0 0 0 0 0 0 0 0 -481.458884828177
0 0 0 0 0 0 0 0 0 0 2.5530254482209 20.8592152917387 49.0396200524505 0 0 0 0 0 0 0 11.0435169301708 -20.8417702681291 5.08801636006813 0 0 0 0 4.07105899912373 0 0 0 0 0 0 0 0 0 0 0 0 0 0 0 0 0 0 0 0 0 0 0 0 0 0 0 0 0 0 0 0 0 0 0 0 441.465702394747
0 40.0516270860716 0 0 0 0 0 0 0 0 0 0 0 0 0 0 0 0 0 0 0 0 0 0 0 0 0 0 0 0 0 0 0 0 0 0 0 0 0 0 0 0 0 0 0 0 0 0 0 0 0 0 0 0 0 0 0 0 0 0 0 0 0 0 394.32046530897
0 -42.9071354463023 0 0 0 0 0 0 0 0 0 0 0 0 0 0 0 0 0 0 0 0 0 0 48.3751606032539 0 40.5694005063952 0 0 0 0 0 0 0 0 0 0 0 0 0 0 0 0 0 0 0 0 0 0 0 0 0 0 0 0 0 0 0 0 0 0 0 0 0 128.300156073115
0 0 0 43.8992607052662 0 0 0 0 0 0 0 0 0 0 0 0 17.1860398254504 0 0 0 0 0 0 0 0 0 22.6553520816944 0 0 -40.6630174555695 0 0 0 0 0 0 0 0 0 0 0 0 0 0 0 0 0 0 0 0 0 0 0 0 0 0 0 0 0 0 0 0 0 0 715.335564931044
0 0 0 -36.4526598404325 0 0 0 0 0 0 0 0 0 0 0 0 0 0 0 0 0 0 0 0 0 0 0 0 0 0 0 0 0 0 0 0 0 0 0 0 0 0 0 0 0 0 0 0 0 0 0 0 0 0 0 0 0 0 0 0 0 0 0 0 -360.153704405663
0 31.0643081607458 0 0 0 0 0 34.5292595807665 0 0 0 0 0 0 0 0 0 0 0 0 0 0 -39.7028138372355 0 0 0 0 0 0 0 0 0 0 0 0 0 0 0 0 0 0 0 0 0 0 0 0 0 0 0 0 0 0 0 0 0 0 0 0 0 0 0 0 0 340.846363833924
0 0 0 0 0 0 25.5896661112373 0 0 0 0 -17.8826246240687 0 0 0 0 0 0 -26.1762432942695 0 0 0 0 0 0 0 0 0 0 0 0 0 0 0 0 0 0 0 0 0 0 0 0 0 0 0 0 0 0 0 0 0 0 0 0 0 0 0 0 0 0 0 0 0 -214.104602016329
0 0 0 0 0 0 0 0 0 33.9599928898844 0 0 0 0 0 -7.85559051902021 0 0 15.9958771768037 0 0 0 0 0 0 0 0 0 0 0 0 0 0 0 0 0 0 0 0 0 0 0 0 0 0 0 0 0 0 0 0 0 0 0 0 0 0 0 0 0 0 0 0 0 426.505282315091
0 0 0 0 0 0 0 0 -46.4221300787561 0 0 0 0 0 0 0 0 0 0 24.0803062954404 0 0 0 0 0 0 0 0 0 0 0 0 0 0 0 0 0 0 0 0 0 0 0 0 0 0 0 0 0 0 0 0 0 0 0 0 0 0 0 0 0 0 0 0 -130.781243416442
0 0 0 0 0 0 0 0 49.7566586687326 0 -11.5852723608707 0 0 0 2.92566409536741 0 0 0 0 0 0 0 0 0 0 28.4164248411179 0 0 0 0 0 0 0 0 0 0 0 0 0 0 0 0 0 0 0 0 0 0 0 0 0 0 0 0 0 0 0 0 0 0 0 0 0 0 485.025403591133
0 0 0 0 0 0 0 0 0 0 0 -33.7799197585311 0 40.1419515298764 0 0 0 0 -18.9711964534058 0 0 0 17.9309314225763 0 -4.08146205158608 0 0 0 0 0 0 0 0 0 0 0 0 0 0 0 0 0 0 0 0 0 0 0 0 0 0 0 0 0 0 0 0 0 0 0 0 0 0 0 78.1656137589532
0 0 0 0 0 0 0 16.4184088060521 0 0 0 0 0 0 0 0 0 0 0 0 0 0 0 0 18.2898317059236 0 0 0 0 0 0 0 0 0 0 0 0 0 0 0 0 0 0 0 0 0 0 0 0 0 0 0 0 0 0 0 0 0 0 0 0 0 0 0 237.768528601643
-25.7671315311709 4.37299650789259 0 0 0 0 0 0 0 0 0 0 0 0 0 0 -33.5770367565701 0 0 0 0 0 0 0 0 0 0 40.6588660712387 0 0 0 0 0 0 0 0 0 0 0 0 0 0 0 0 0 0 0 0 0 0 0 0 0 0 0 0 0 0 0 0 0 0 0 0 -273.794020803973
0 0 0 0 0 0 0 0 0 0 7.27220180425645 0 34.5280788979512 0 47.570218980676 0 0 0 0 29.6367685536646 5.41240349234611 37.3106287419445 0 -23.2446979310978 0 0 0 0 0 0 0 0 0 0 0 0 0 0 0 0 0 0 0 0 0 0 0 0 0 0 0 0 0 0 0 0 0 0 0 0 0 0 0 0 569.188034181177
0 0 0 0 0 0 0 0 0 0 0 0 0 44.1065004890873 0 0 0 0 0 0 0 0 0 0 49.0263399616074 0 0 0 0 0 41.7370386181948 0 0 0 0 0 0 0 0 0 0 0 0 0 0 0 0 0 0 0 0 0 0 0 0 0 0 0 0 0 0 0 0 0 745.341872220684
0 0 0 0 0 0 0 0 0 0 0 0 0 0 0 0 0 -46.279792777796 0 0 0 0 0 0 0 0 0 0 0 0 0 0 0 0 0 0 0 0 0 0 0 0 0 0 0 0 0 0 0 0 0 0 0 0 0 0 0 0 0 0 0 0 0 0 -89.3295603773427
0 0 0 0 0 0 0 8.5980306873088 0 0 -7.89930242603901 -45.4470521752263 0 0 0 0 0 0 0 42.5214309937598 0 0 0 0 0 0 0 0 0 0 0 0 0 0 0 0 0 0 0 0 0 0 0 0 0 0 0 0 0 0 0 0 0 0 0 0 0 0 0 0 0 0 0 0 -5.51629038631518
0 0 25.1346074587538 -43.9601407551014 0 0 22.2134035331643 0 0 0 0 0 0 0 0 0 0 0 0 -21.366799713736 46.4473572105753 0 0 0 0 0 0 -35.0669118279236 0 0 0 0 0 0 0 0 0 0 0 0 0 0 0 0 0 0 0 0 0 0 0 0 0 0 0 0 0 0 0 0 0 0 0 0 -188.114823725858
0 9.72034228159512 0 0 0 0 0 0 0 0 0 0 -3.48313034766421 0 0 -8.86636206843998 0 38.0488962719551 0 0 0 0 0 0 0 0 0 0 0 -27.5111812380745 0 0 0 0 0 0 0 0 0 0 0 0 0 0 0 0 0 0 0 0 0 0 0 0 0 0 0 0 0 0 0 0 0 0 110.909538407256
0 0 0 0 4.29623138802556 44.7602464385372 0 0 0 0 0 0 0 0 0 0 0 0 0 0 0 0 0 0 0 0 0 0 0 0 0 0 0 0 0 0 0 0 0 0 0 0 0 0 0 0 0 0 0 0 0 0 0 0 0 0 0 0 0 0 0 0 0 0 82.6027933704275
0 0 0 0 0 0 15.3340666289388 0 0 0 0 0 0 0 -46.5902916732902 0 0 0 0 0 0 0 0 0 0 0 -11.1144404348217 0 0 37.3919422743349 0 0 0 0 0 0 0 0 0 0 0 0 0 0 0 0 0 0 0 0 0 0 0 0 0 0 0 0 0 0 0 0 0 0 -348.675065636508
-11.1687994765412 24.6906921092039 0 0 0 0 0 0 0 0 0 24.1106014749551 0 0 0 0 0 0 0 0 0 0 -27.0222052621228 42.380203511933 -32.7959456740118 0 0 0 0 0 0 0 0 0 0 0 0 0 0 0 0 0 0 0 0 0 0 0 0 0 0 0 0 0 0 0 0 0 0 0 0 0 0 0 69.9510013343935
0 0 0 0 0 0 0 0 0 0 0 0 0 0 0 33.0252720218142 0 -8.91554903285165 0 0 0 0 0 0 0 0 0 0 0 0 0 0 0 0 0 0 0 0 0 0 0 0 0 0 0 0 0 0 0 0 0 0 0 0 0 0 0 0 0 0 0 0 0 0 108.698312513132
0 0 0 0 0 0 0 0 0 27.0336837149796 -15.9978116977012 39.133524160372 0 0 0 35.5426429970068 0 0 0 0 -36.8096932370999 0 0 0 0 0 0 0 0 0 18.2366170566363 0 0 0 0 0 0 0 0 0 0 0 0 0 0 0 0 0 0 0 0 0 0 0 0 0 0 0 0 0 0 0 0 0 412.015692856678
0 0 0 0 -35.0420473105209 0 0 0 0 0 0 0 0 -8.96320405911241 0 0 0 0 0 4.9947684939901 0 0 0 0 0 0 0 0 0 0 0 0 0 0 0 0 0 0 0 0 0 0 0 0 0 0 0 0 0 0 0 0 0 0 0 0 0 0 0 0 0 0 0 0 -243.480634542691
5.18026588008819 0 0 0 0 0 0 0 27.2998152902337 0 0 0 0 0 0 0 0 0 0 0 0 0 0 0 0 0 0 0 0 0 0 0 0 0 0 0 0 0 0 0 0 0 0 0 0 0 0 0 0 0 0 0 0 0 0 0 0 0 0 0 0 0 0 0 137.403797807123
0 0 0 0 0 0 0 0 0 24.0750088787858 0 0 0 0 0 0 0 0 0 0 0 0 0 0 40.7675372637339 0 0 0 0 0 0 0 0 0 0 0 0 0 0 0 0 0 0 0 0 0 0 0 0 0 0 0 0 0 0 0 0 0 0 0 0 0 0 0 485.81710489927
0 0 0 0 0 0 0 0 0 0 0 -3.6284721394966 0 0 0 0 0 0 0 0 0 0 0 0 0 0 0 -9.91968428214428 0 0 0 0 0 0 0 0 0 0 0 0 0 0 0 0 0 0 0 0 0 0 0 0 0 0 0 0 0 0 0 0 0 0 0 0 -39.6172582870375
0 44.390109594086 0 0 0 0 0 -40.4385215179285 0 0 0 0 0 0 0 0 5.87475596808567 0 0 -18.2604682987924 44.477065109592 0 0 11.8901958552541 0 0 0 0 0 0 0 0 0 0 0 0 0 0 0 0 0 0 0 0 0 0 0 0 0 0 0 0 0 0 0 0 0 0 0 0 0 0 0 0 373.240795171869
0 0 0 0 0 0 0 0 0 0 0 0 0 0 0 -3.56141508199064 0 0 0 0 0 0 0 0 0 0 0 0 0 0 0 0 0 0 0 0 0 0 0 0 0 0 0 0 0 0 0 0 0 0 0 0 0 0 0 0 0 0 0 0 0 0 0 0 -13.5777132163938
0 0 0 0 0 0 0 0 0 0 0 0 37.9031535184321 0 0 0 0 0 0 0 0 23.2685206664228 0 0 8.92154311003451 0 0 0 0 0 0 0 0 0 0 0 0 0 0 0 0 0 0 0 0 0 0 0 0 0 0 0 0 0 0 0 0 0 0 0 0 0 0 0 272.572558247333
0 -39.9355643020788 0 0 0 0 0 0 0 0 0 -47.8121719441966 0 0 0 0 0 0 0 0 0 0 0 0 -41.5703025322417 0 0 0 0 0 0 0 0 0 0 0 0 0 0 0 0 0 0 0 0 0 0 0 0 0 0 0 0 0 0 0 0 0 0 0 0 0 0 0 -842.947945258892
0 0 -4.4847227353797 0 0 0 0 0 0 0 0 0 0 0 0 0 0 0 0 0 0 0 0 0 -31.168136541455 0 0 0 0 0 0 0 0 0 0 0 0 0 0 0 0 0 0 0 0 0 0 0 0 0 0 0 0 0 0 0 0 0 0 0 0 0 0 0 -223.571423031745
-42.4874209241773 0 0 0 0 0 0 0 0 0 0 0 0 -17.0933289590959 0 0 0 0 0 0 0 0 0 -27.2713020768904 0 0 0 0 -16.2828973111706 0 0 0 0 0 0 0 0 0 0 0 0 0 0 0 0 0 0 0 0 0 0 0 0 0 0 0 0 0 0 0 0 0 0 0 -566.251649096105
5.24473740531782 0 0 0 0 0 0 0 0 0 0 0 46.8311344447144 0 -27.2770316251967 0 0 0 -9.98543344026677 0 0 0 0 0 49.0771453184438 0 0 0 0 0 0 0 0 0 0 0 0 0 0 0 0 0 0 0 0 0 0 0 0 0 0 0 0 0 0 0 0 0 0 0 0 0 0 0 316.710905285168
-42.4663887753735 -13.6934143375472 0.216624739461412 15.0460993110226 12.3433657400265 -18.0402053916095 -11.4290536770453 37.8715346696866 -39.716684960867 -10.6873600343879 4.19276023339548 14.206319246329 -5.01567818515107 -11.0397969239866 -7.31094716906096 6.59874110882024 11.9091283364161 -11.7731480382412 8.21977627508647 7.60292504741096 4.33336930880589 -23.3387450179634 1.32215278226761 -23.0390670376897 65.4619441914652 -1.85455453548509 12.132710002948 -2.87247802468776 -4.98839458963636 -28.8225343688836 12.3456128953436 8.98635759110272 0 0 0 0 0 0 0 0 0 0 0 0 0 0 0 0 0 0 0 0 0 0 0 0 0 0 0 0 0 0 0 0 0
