0 0 0 0 0 0 0 0 0 0 0 0 0 0 0 0 0 0 0 0 0 0 0 0 0 0 0 0 0 0 0 0 1 0 0 0 0 0 0 0 0 0 0 0 0 0 0 0 0 0 0 0 0 0 0 0 0 0 0 0 0 0 0 0 0
0 0 0 0 0 0 0 0 0 0 0 0 0 0 0 0 0 0 0 0 -42.8277060443792 0 0 0 0 0 0 0 0 0 0 0 0 1 0 0 0 0 0 0 0 0 0 0 0 0 0 0 0 0 0 0 0 0 0 0 0 0 0 0 0 0 0 0 -90.1123043267362
-34.9775088623711 0 0 0 0 0 0 0 0 0 0 0 0 0 0 0 0 0 0 0 0 0 0 0 0 0 0 0 0 0 0 -17.8615119105315 0 0 1 0 0 0 0 0 0 0 0 0 0 0 0 0 0 0 0 0 0 0 0 0 0 0 0 0 0 0 0 0 -57.3625484462888
0 0 0 37.3152572590233 0 0 0 0 28.9855800829546 0 0 0 0 0 0 0 0 0 0 0 0 0 0 0 0 0 0 0 0 0 0 0 0 0 0 1 0 0 0 0 0 0 0 0 0 0 0 0 0 0 0 0 0 0 0 0 0 0 0 0 0 0 0 0 42.2759892427726
17.341512899792 0 0 0 0 0 0 0 0 0 0 0 0 0 0 0 0 0 0 0 0 0 0 0 0 0 0 0 0 0 0 0 0 0 0 0 1 0 0 0 0 0 0 0 0 0 0 0 0 0 0 0 0 0 0 0 0 0 0 0 0 0 0 0 10.4518176367325
0 0 0 0 0 0 0 0 0 -9.97981920197661 0 0 0 0 0 0 0 0 0 0 0 0 0 0 0 0 0 0 0 0 0 0 0 0 0 0 0 1 0 0 0 0 0 0 0 0 0 0 0 0 0 0 0 0 0 0 0 0 0 0 0 0 0 0 -92.8103123134264
0 0 0 0 45.3753059246314 0 35.2407624369941 0 -11.0980931647939 18.048435265416 0 0 -3.27219321652332 0 0 0 0 0 0 0 0 0 0 -34.9159913925393 0 0 0 0 0 0 0 0 0 0 0 0 0 0 1 0 0 0 0 0 0 0 0 0 0 0 0 0 0 0 0 0 0 0 0 0 0 0 0 0 453.315014356888
0 0 0 0 0 0 0 0 0 0 0 0 0 0 0 0 0 0 0 -25.9593602171126 -28.1786148805454 8.20130106930717 0 0 0 0 0 -17.6802492455754 0 0 0 0 0 0 0 0 0 0 0 1 0 0 0 0 0 0 0 0 0 0 0 0 0 0 0 0 0 0 0 0 0 0 0 0 -364.036070956783
0 0 -47.3497816346934 0 0 0 0 0 0 0 0 0 0 0 0 0 0 0 0 0 0 0 0 0 0 0 0 0 0 0 0 0 0 0 0 0 0 0 0 0 1 0 0 0 0 0 0 0 0 0 0 0 0 0 0 0 0 0 0 0 0 0 0 0 -4.61807922571015
0 0 0 10.3086040114304 0 0 0 4.63315293910899 0 0 0 0 0 0 0 0 0 0 0 0 0 0 0 0 10.5611027395407 0 0 0 0 0 0 0 0 0 0 0 0 0 0 0 0 1 0 0 0 0 0 0 0 0 0 0 0 0 0 0 0 0 0 0 0 0 0 0 109.756400528193
0 0 0 0 0 0 0 0 0 0 0 0 0 0 0 0 0 -1.30596766644389 0 0 0 0 0 0 0 0 0 0 0 0 0 49.6791590195793 0 0 0 0 0 0 0 0 0 0 1 0 0 0 0 0 0 0 0 0 0 0 0 0 0 0 0 0 0 0 0 0 96.7381287272333
0 0 0 0 0 0 0 -18.9913936835359 0 0 -22.8494625334308 0 0 0 0 0 0 -29.4847395949886 0 0 0 0 0 0 0 0 0 0 0 0 0 0 0 0 0 0 0 0 0 0 0 0 0 1 0 0 0 0 0 0 0 0 0 0 0 0 0 0 0 0 0 0 0 0 -267.423863407146
0 0 0 0 0 0 0 0 0 0 0 36.0582039168597 0 0 0 0 0 0 -37.1614879768579 31.759466690804 0 0 0 0 0 0 0 0 0 0 0 0 0 0 0 0 0 0 0 0 0 0 0 0 1 0 0 0 0 0 0 0 0 0 0 0 0 0 0 0 0 0 0 0 587.66058681572
0 0 0 0 0 0 0 0 35.9577919716747 0 0 0 0 0 0 0 0 -0.260590125970916 0 0 37.2407962477674 0 0 0 21.0578880846683 0 0 12.9654193163996 0 13.1500336115267 0 0 0 0 0 0 0 0 0 0 0 0 0 0 0 1 0 0 0 0 0 0 0 0 0 0 0 0 0 0 0 0 0 0 366.516909553535
0 42.166286485537 0 0 0 0 0 0 0 48.3461908424514 0 0 0 0 0 0 0 0 0 0 0 0 0 0 0 0 16.9525901439905 0 0 0 0 0 0 0 0 0 0 0 0 0 0 0 0 0 0 0 1 0 0 0 0 0 0 0 0 0 0 0 0 0 0 0 0 0 949.121938357718
-35.2691752207676 0 0 0 0 0 0 0 0 -46.6589751513329 0 0 -28.5804889875733 0 0 0 0 0 0 0 0 0 0 0 0 0 0 0 -16.528562135534 0 0 0 0 0 0 0 0 0 0 0 0 0 0 0 0 0 0 1 0 0 0 0 0 0 0 0 0 0 0 0 0 0 0 0 -709.377312465412
0 0 0 0 0 0 0 0 0 0 0 0 0 5.83662897187468 0 0 -10.1967589445938 0 0 0 0 0 0 0 0 0 0 0 0 0 0 0 0 0 0 0 0 0 0 0 0 0 0 0 0 0 0 0 1 0 0 0 0 0 0 0 0 0 0 0 0 0 0 0 -31.4708762338394
0 0 0 -45.1338483718447 0 0 0 0 0.0735865108056122 0 0 0 0 0 0 0 0 0 0 0 0 0 0 0 0 0 0 -5.54420404506624 0 0 0 0 0 0 0 0 0 0 0 0 0 0 0 0 0 0 0 0 0 1 0 0 0 0 0 0 0 0 0 0 0 0 0 0 -53.5131277345837
0 0 0 0 0 0 0 0 0 0 0 0 0 0 -19.1992589021413 0 0 0 0 0 0 0 35.9665888221587 0 0 0 0 0 3.96850649308698 0 -14.5671603262959 0 0 0 0 0 0 0 0 0 0 0 0 0 0 0 0 0 0 0 1 0 0 0 0 0 0 0 0 0 0 0 0 0 246.381315299248
0 0 0 0 0 0 0 0 0 0 0 0 0 0 0 0 0 0 0 0 0 0 0 0 0 0 0 0 -41.4208060618886 0 0 0 0 0 0 0 0 0 0 0 0 0 0 0 0 0 0 0 0 0 0 1 0 0 0 0 0 0 0 0 0 0 0 0 -248.596126825131
0 0 0 0 0 0 0 0 0 0 0 0 0 0 0 0 0 0 0 0 0 0 0 0 0 0 0 -9.33693315424586 0 0 0 0 0 0 0 0 0 0 0 0 0 0 0 0 0 0 0 0 0 0 0 0 1 0 0 0 0 0 0 0 0 0 0 0 -35.7382487653764
0 0 0 0 0 0 0 0 0 0 0 0 0 0 0 0 0 0 0 0 0 0 0 0 0 0 0 0 0 0 0 0 0 0 0 0 0 0 0 0 0 0 0 0 0 0 0 0 0 0 0 0 0 1 0 0 0 0 0 0 0 0 0 0 0
0 0 0 0 0 0 0 0 0 0 0 0 0 -3.5649796745195 0 0 0 0 0 0 -27.7634292733067 0 0 0 0 0 0 0 0 0 0 0 0 0 0 0 0 0 0 0 0 0 0 0 0 0 0 0 0 0 0 0 0 0 1 0 0 0 0 0 0 0 0 0 -92.8904961738686
0 0 0 0 0 0 0 -43.0473535040203 0 0 22.3006012651459 0 0 -28.6616628769129 0 0 0 0 0 0 0 0 0 0 0 0 0 0 0 0 -20.2985066357356 0 0 0 0 0 0 0 0 0 0 0 0 0 0 0 0 0 0 0 0 0 0 0 0 1 0 0 0 0 0 0 0 0 -345.36046001856
0 0 0 0 0 0 0 0 0 0 0 0 0 0 0 0 0 0 0 0 0 0 0 0 0 0 0 0 0 0 0 0 0 0 0 0 0 0 0 0 0 0 0 0 0 0 0 0 0 0 0 0 0 0 0 0 1 0 0 0 0 0 0 0 0
0 0 0 0 0 0 0 0 0 0 0 0 0 0 0 0 0 0 0 0 7.60034935906285 0 0 0 0 26.1471562294214 0 0 0 0 0 0 0 0 0 0 0 0 0 0 0 0 0 0 0 0 0 0 0 0 0 0 0 0 0 0 0 1 0 0 0 0 0 0 187.017587990863
0 0 0 0 0 32.1260600337831 0 0 0 0 0 0 0 0 0 0 0 0 0 0 0 0 0 0 0 0 0 0 0 0 0 0 0 0 0 0 0 0 0 0 0 0 0 0 0 0 0 0 0 0 0 0 0 0 0 0 0 0 1 0 0 0 0 0 130.10227722545
0 0 0 0 0 0 0 0 0 0 -1.40002982600622 0 0 0 0 0 0 0 0 -3.00818714658884 0 0 0 0 0 0.0508951852051243 0 0 0 0 0 0 0 0 0 0 0 0 0 0 0 0 0 0 0 0 0 0 0 0 0 0 0 0 0 0 0 0 0 1 0 0 0 0 -38.1628230185292
25.7932222765197 0 -20.6606929173039 0 0 0 0 0 0 0 0 0 0 0 0 0 0 0 0 0 0 31.4081322353078 0 0 20.2898635529342 0 0 0 0 0 0 -49.4812467532373 0 0 0 0 0 0 0 0 0 0 0 0 0 0 0 0 0 0 0 0 0 0 0 0 0 0 0 0 1 0 0 0 178.63643153157
0 0 0 -34.2301225930377 0 0 0 0 15.903404338588 0 0 0 0 0 0 0 0 0 0 0 0 0 0 0 0 0 0 0 0 0 0 0 0 0 0 0 0 0 0 0 0 0 0 0 0 0 0 0 0 0 0 0 0 0 0 0 0 0 0 0 0 1 0 0 -15.9914336240678
0 0 0 0 0 0 0 0 0 0 0 0 0 35.8156695675002 0 0 0 0 0 0 0 0 -10.6503379958668 0 0 0 0 0 19.2005908969176 0 0 0 0 0 0 0 0 0 0 0 0 0 0 0 0 0 0 0 0 0 0 0 0 0 0 0 0 0 0 0 0 0 1 0 360.574679060463
48.1078456019078 0 0 41.8559448620144 0 0 0 0 0 0 0 1.54084361270787 0 0 13.3684990177214 0 0 0 0 0 -11.983064486031 0 0 0 0 0 -40.9223217335388 0 0 0 0 0 0 0 0 0 0 0 0 0 0 0 0 0 0 0 0 0 0 0 0 0 0 0 0 0 0 0 0 0 0 0 0 1 -320.609503373656
0 0 0 -26.8470176708799 0 0 0 0 0 0 -41.5903081599022 0 0 0 0 48.7838140649245 0 -3.81139873775906 0 0 0 0 0 0 0 0 0 0 0 0 0 0 0 0 0 0 0 0 0 0 0 0 0 0 0 0 0 0 0 0 0 0 0 0 0 0 0 0 0 0 0 0 0 0 -281.730608745505
0 0 0 0 0 0 0 0 0 0 0 0 0 0 0 0 0 0 0 0 0 0 0 0 0 0 0 0 26.5912053978215 0 0 24.7290747486697 0 0 0 0 0 0 0 0 0 0 0 0 0 0 0 0 0 0 0 0 0 0 0 0 0 0 0 0 0 0 0 0 209.82425166501
0 0 0 0 0 0 0 0 0 0 0 -2.9968062190938 0 0 0 0 0 0 0 0 0 0 0 0 0 0 0 0 0 0 0 0 0 0 0 0 0 0 0 0 0 0 0 0 0 0 0 0 0 0 0 0 0 0 0 0 0 0 0 0 0 0 0 0 -28.4897054258346
0 0 0 -5.17604258665095 0 0 0 0 30.3785534350156 0 0 0 0 0 0 0 0 0 0 0 0 0 0 0 0 0 0 0 0 0 0 9.95120410214608 0 0 0 0 0 0 0 0 0 0 0 0 0 0 0 0 0 0 0 0 0 0 0 0 0 0 0 0 0 0 0 0 32.798073938074
0 0 0 -7.31174746552742 0 0 0 0 0 0 0 0 0 0 0 0 -18.7807562634263 0 0 0 0 0 0 0 0 0 0 0 0 0 0 0 0 0 0 0 0 0 0 0 0 0 0 0 0 0 0 0 0 0 0 0 0 0 0 0 0 0 0 0 0 0 0 0 -167.158734343956
0 0 0 0 0 0 0 0 0 0 0 -19.0312878431711 0 0 21.8958064681797 0 0 0 0 0 0 0 0 0 0 0 0 18.7238575904651 0 0 0 0 0 0 0 0 0 0 0 0 0 0 0 0 0 0 0 0 0 0 0 0 0 0 0 0 0 0 0 0 0 0 0 0 -73.8181052862905
0 5.32999292633453 0 0 0 0 37.9111072643936 0 0 0 0 0 0 0 0 0 0 0 0 0 0 0 0 0 0 0 0 0 0 0 0 0 0 0 0 0 0 0 0 0 0 0 0 0 0 0 0 0 0 0 0 0 0 0 0 0 0 0 0 0 0 0 0 0 208.419543970029
0 0 0 0 0 0 0 0 0 0 0 0 0 0 0 0 0 0 0 0 0 -43.5360682870261 39.1302966297438 0 0 0 0 0 0 0 0 0 0 0 0 0 0 0 0 0 0 0 0 0 0 0 0 0 0 0 0 0 0 0 0 0 0 0 0 0 0 0 0 0 252.451276176269
0 0 0 0 12.534511058851 0 0 0 0 0 0 0 0 0 0 0 0 0 0 0 0 0 0 0 0 0 0 0 0 0 0 0 0 0 0 0 0 0 0 0 0 0 0 0 0 0 0 0 0 0 0 0 0 0 0 0 0 0 0 0 0 0 0 0 44.3404235555388
0 0 -43.9565558736918 0 0 0 0 0 0 0 0 0 0 48.1685050578145 0 0 0 0 0 0 0 0 0 0 0 0 0 0 0 0 0 39.5114946814894 0 0 0 0 0 0 0 0 0 0 0 0 0 0 0 0 0 0 0 0 0 0 0 0 0 0 0 0 0 0 0 0 541.7749389965
0 0 0 0 0 0 0 0 0 0 0 0 0 -19.6932810293314 0 0 0 0 0 0 0 0 0 0 0 0 0 0 0 4.31971063755909 0 0 0 0 0 0 0 0 0 0 0 0 0 0 0 0 0 0 0 0 0 0 0 0 0 0 0 0 0 0 0 0 0 0 -179.513031380766
0 0 0 0 0 0 0 -15.1884229864726 0 0 0 0 0 0 0 0 0 0 0 0 0 0 -13.4838365660943 0 0 0 0 0 0 0 0 0 0 0 0 0 0 0 0 0 0 0 0 0 0 0 0 0 0 0 0 0 0 0 0 0 0 0 0 0 0 0 0 0 -156.331021535105
0 1.31188244063665 0 0 0 0 0 0 0 0 0 0 0 0 0 30.1679343566363 0 0 0 0 0 0 0 0 0 0 0 0 0 0 0 -2.33673875715479 0 0 0 0 0 0 0 0 0 0 0 0 0 0 0 0 0 0 0 0 0 0 0 0 0 0 0 0 0 0 0 0 5.88242627161456
0 0 0 0 0 0 0 0 0 0 0 0 0 0 0 0 0 0 49.0536591667984 0 0 0 0 0 0 0 0 0 0 0 0 0 0 0 0 0 0 0 0 0 0 0 0 0 0 0 0 0 0 0 0 0 0 0 0 0 0 0 0 0 0 0 0 0 95.7346476651072
0 0 0 -12.6882178714744 0 0 0 0 0 0 0 0 0 0 34.706375625795 0 0 0 0 0 0 0 0 0 -46.596631726148 0 0 0 0 0 0 0 0 0 0 0 0 0 0 0 0 0 0 0 0 0 0 0 0 0 0 0 0 0 0 0 0 0 0 0 0 0 0 0 -366.304373196146
0 0 27.6624290888557 0 0 0 0 -16.7494364709982 0 -23.9729104968168 0 0 0 0 0 14.9372312862869 0 0 0 0 0 0 0 0 0 46.6250018243385 0 8.41766663057296 0 0 0 0 0 0 0 0 0 0 0 0 0 0 0 0 0 0 0 0 0 0 0 0 0 0 0 0 0 0 0 0 0 0 0 0 85.633743340392
0 0 0 36.682909215837 0 0 0 0 0 0 0 0 0 0 0 0 0 0 0 0 0 0 0 0 0 0 0 2.19004229623593 0 0 0 0 0 0 0 0 0 0 0 0 0 0 0 0 0 0 0 0 0 0 0 0 0 0 0 0 0 0 0 0 0 0 0 0 34.6603293502201
0 0 0 0 -8.77996193087198 0 0 0 0 0 0 0 3.99781950019175 -21.3158430895489 0 0 0 0 0 0 0 0 0 0 0 0 0 0 0 0 0 0 0 0 0 0 0 0 0 0 0 0 0 0 0 0 0 0 0 0 0 0 0 0 0 0 0 0 0 0 0 0 0 0 -215.507897466432
0 0 0 0 0 0 0 0 0 0 0 0 0 0 0 0 0 0 0 0 0 0 18.0182743842481 0 -9.30376962561548 -36.5271012775544 0 0 0 0 0 0 0 0 0 0 0 0 0 0 0 0 0 0 0 0 0 0 0 0 0 0 0 0 0 0 0 0 0 0 0 0 0 0 -150.570433258561
0 0 0 0 0 0 0 0 0 0 0 0 0 0 0 8.19365866447295 -37.6243635695298 0 0 0 0 0 0 0 0 0 44.192353444624 0 0 0 0 0 0 0 0 0 0 0 0 0 0 0 0 0 0 0 0 0 0 0 0 0 0 0 0 0 0 0 0 0 0 0 0 0 97.5264709328089
0 0 -17.70030162689 0 0 0 0 0 0 0 0 22.1007901811054 0 0 0 0 0 0 0 0 0 0 0 0 0 0 0 0 0 0 0 0 0 0 0 0 0 0 0 0 0 0 0 0 0 0 0 0 0 0 0 0 0 0 0 0 0 0 0 0 0 0 0 0 208.379013138412
0 33.0359546162251 0 0 0 0 0 0 0 0 -43.7407248793655 -26.2788768618759 0 0 0 0 0 0 0 0 0 0 0 0 0 0 0 0 0 0 0 0 0 0 0 0 0 0 0 0 0 0 0 0 0 0 0 0 0 0 0 0 0 0 0 0 0 0 0 0 0 0 0 0 -248.737800591394
0 10.6775309426793 32.9403456176329 0 0 0 0 0 0 0 0 0 0 0 0 0 0 0 0 0 0 0 0 0 0 0 0 0 18.8171939153942 0 -45.2535021166701 0 0 0 0 0 0 0 0 0 0 0 0 0 0 0 0 0 0 0 0 0 0 0 0 0 0 0 0 0 0 0 0 0 -70.0960535295599
0 0 0 0 18.4140095869538 0 0 0 0 0 0 39.8083587442705 0 0 0 -44.2198666806579 0 0 0 0 0 0 0 0 0 0 0 0 0 0 0 0 0 0 0 0 0 0 0 0 0 0 0 0 0 0 0 0 0 0 0 0 0 0 0 0 0 0 0 0 0 0 0 0 443.404164907634
0 0 0 0 0 0 0 0 0 0 0 -40.2521797617906 0 0 0 0 0 0 -10.2014278397222 0 0 0 0 0 0 0 0 0 0 0 0 0 0 0 0 0 0 0 0 0 0 0 0 0 0 0 0 0 0 0 0 0 0 0 0 0 0 0 0 0 0 0 0 0 -402.574388088879
0 0 0 0 0 0 0 0 39.4307351737812 0 0 17.0602708474016 0 0 0 0 0 0 32.4436163893925 0 0 0 0 0 0 0 0 0 0 0 0 0 0 0 0 0 0 0 0 0 0 0 0 0 0 0 0 0 0 0 0 0 0 0 0 0 0 0 0 0 0 0 0 0 246.651866468529
0 0 0 0 0 0 0 0 0 0 0 0 0 0 0 0 0 0 36.8541123703674 0 0 0 0 0 0 0 0 0 0 0 0 0 0 0 0 0 0 0 0 0 0 0 0 0 0 0 0 0 0 0 0 0 0 0 0 0 0 0 0 0 0 0 0 0 71.9256325158193
0 0 0 0 0 0 0 0 0 0 0 0 0 0 0 0 0 0 0 0 0 0 13.0399611028385 0 0 0 0 0 0 0 0 0 0 0 0 0 0 0 0 0 0 0 0 0 0 0 0 0 0 0 0 0 0 0 0 0 0 0 0 0 0 0 0 0 123.673850855421
0 0 0 0 0 0 0 0 0 0 0 0 0 0 0 0 0 0 0 0 0 0 0 0 0 0 0 0 0 0 0 7.24714273044534 0 0 0 0 0 0 0 0 0 0 0 0 0 0 0 0 0 0 0 0 0 0 0 0 0 0 0 0 0 0 0 0 14.7208522640153
0 -4.19942159473007 0 0 0 0 0 0 0 0 0 0 0 0 0 0 0 0 0 0 0 0 0 0 0 0 0 0 -5.75856364136046 -41.4394803687657 0 0 0 0 0 0 0 0 0 0 0 0 0 0 0 0 0 0 0 0 0 0 0 0 0 0 0 0 0 0 0 0 0 0 -173.013951121264
0 0 0 0 0 0 0 0 -47.0814953463683 0 0 0 0 0 0 30.7198021463314 0 0 0 0 0 0 17.4511692941598 0 0 0 0 -22.1244748585668 0 0 0 0 0 0 0 0 0 0 0 0 0 0 0 0 0 0 0 0 0 0 0 0 0 0 0 0 0 0 0 0 0 0 0 0 55.7015796700021
0 0 0 0 0 0 0 0 0 0 0 0 0 0 0 0 0 0 0 0 0 0 0 0 0 0 0 0 0 0 0 0 0 0 0 0 0 0 0 0 0 0 0 0 0 0 0 0 0 0 0 0 0 0 0 0 0 0 0 0 0 0 0 0 0
0 0 0 0 0 0 0 0 0 0 0 0 0 0 0 0 0 0 0 0 0 0 0 -30.7083725140024 0 0 0 0 -10.6168063272511 0 0 0 0 0 0 0 0 0 0 0 0 0 0 0 0 0 0 0 0 0 0 0 0 0 0 0 0 0 0 0 0 0 0 0 -68.476429397708
0 0 0 0 0 0 0 0 0 0 0 0 0 0 0 0 13.2389339955346 0 0 -27.3850599842928 0 0 0 0 0 0 0 -46.0162039161576 0 0 0 0 0 0 0 0 0 0 0 0 0 0 0 0 0 0 0 0 0 0 0 0 0 0 0 0 0 0 0 0 0 0 0 0 -335.667068974228
0 0 0 -41.0881906684049 0 0 0 0 0 0 0 0 0 -17.6583620239093 0 0 10.6973125635728 0 0 0 0 0 0 0 0 0 0 0 0 0 0 0 0 0 0 0 0 0 0 0 0 0 0 0 0 0 0 0 0 0 0 0 0 0 0 0 0 0 0 0 0 0 0 0 -107.966604303052
0 0 0 0 0 0 0 0 0 0 0 0 0 0 0 -7.1914042403269 0 0 0 0 0 0 0 0 0 0 0 0 0 0 0 0 0 0 0 0 0 0 0 0 0 0 0 0 0 0 0 0 0 0 0 0 0 0 0 0 0 0 0 0 0 0 0 0 -0.0293525120059902
0 0 0 0 0 0 0 0 0 0 0 0 0 0 0 0 0 0 0 0 39.8607550791308 0 0 0 0 0 0 0 2.47212207731438 0 0 0 0 0 0 0 0 0 0 0 0 0 0 0 0 0 0 0 0 0 0 0 0 0 0 0 0 0 0 0 0 0 0 0 98.7066320721029
0 0 0 33.0477987272178 0 0 0 0 0 0 0 0 0 0 0 0 1.7508999542387 0 -10.370568577955 0 0 0 0 0 0 0 0 0 0 0 0 0 0 0 0 0 0 0 0 0 0 0 0 0 0 0 0 0 0 0 0 0 0 0 0 0 0 0 0 0 0 0 0 0 18.5297881001304
0 0 0 0 0 0 0 -29.3608129606736 0 0 0 0 0 0 0 0 0 0 0 0 0 0 0 0 0 0 22.146623000671 0 0 0 0 0 0 0 0 0 0 0 0 0 0 0 0 0 0 0 0 0 0 0 0 0 0 0 0 0 0 0 0 0 0 0 0 0 156.428297516887
0 0 0 0 0 0 0 -13.4693551762145 0 0 0 5.44591200515207 0 13.9404399538308 25.3737403706675 0 0 0 0 0 0 -4.89256602843667 0 0 0 0 0 0 0 0 0 0 0 0 0 0 0 0 0 0 0 0 0 0 0 0 0 0 0 0 0 0 0 0 0 0 0 0 0 0 0 0 0 0 189.08488727937
0 0 0 0 0 0 0 0 0 0 0 0 0 -47.9223045472932 0 0 0 0 0 0 0 0 0 0 0 0 0 0 0 0 0 0 0 0 0 0 0 0 0 0 0 0 0 0 0 0 0 0 0 0 0 0 0 0 0 0 0 0 0 0 0 0 0 0 -463.423006615904
0 0 0 0 0 0 0 0 0 0 0 -30.3443619529965 0 0 0 0 0 0 0 0 0 0 -24.0417455779042 0 0 1.63193059803268 0 0 0 0 0 0 0 0 0 0 0 0 0 0 0 0 0 0 0 0 0 0 0 0 0 0 0 0 0 0 0 0 0 0 0 0 0 0 -505.817310648939
0 0 0 0 0 0 -25.1342824526606 0 0 13.7145027157952 0 19.3328492155231 0 0 0 0 0 0 26.0636881629222 0 0 0 0 0 0 0 0 0 0 0 0 0 0 0 0 0 0 0 0 0 0 0 0 0 0 0 0 0 0 0 0 0 0 0 0 0 0 0 0 0 0 0 0 0 252.32074870924
0 0 0 0 -23.8944642013807 0 0 0 -30.4646755654586 0 0 0 0 0 0 0 0 0 0 0 0 0 0 0 0 34.0167009642772 0 0 -28.7233286486322 0 0 0 0 0 0 0 0 0 0 0 0 0 0 0 0 0 0 0 0 0 0 0 0 0 0 0 0 0 0 0 0 0 0 0 -50.7540207023235
0 0 0 0 22.0411654572254 0 0 0 0 0 0 0 0 0 0 0 0 9.77149370579564 0 0 0 0 0 0 0 0 0 -34.9805086493543 0 0 0 0 0 0 0 0 0 0 0 0 0 0 0 0 0 0 0 0 0 0 0 0 0 0 0 0 0 0 0 0 0 0 0 0 -24.6968103667291
0 0 0 0 0 0 0 0 0 0 0 0 0 0 0 0 0 0 0 0 0 0 0 0 0 0 0 0 0 0 0 0 0 0 0 0 0 0 0 0 0 0 0 0 0 0 0 0 0 0 0 0 0 0 0 0 0 0 0 0 0 0 0 0 0
0 0 0 0 0 7.30051478272902 -9.83183222876928 0 0 0 0 0 0 0 0 0 0 0 0 0 0 0 -16.0569515834763 0 0 0 0 0 0 0 0 0 0 0 0 0 0 0 0 0 0 0 0 0 0 0 0 0 0 0 0 0 0 0 0 0 0 0 0 0 0 0 0 0 -165.704233912227
0 0 0 0 0 0 0 0 0 0 0 0 0 0 4.93511769037253 0 0 0 0 35.5895774602911 0 0 0 0 0 0 0 0 0 0 0 0 0 0 0 0 0 0 0 0 0 0 0 0 0 0 0 0 0 0 0 0 0 0 0 0 0 0 0 0 0 0 0 0 363.656165245744
0 0 -4.62504600496335 0 0 0 0 0 0 0 0 0 0 0 0 0 0 0 0 0 0 0 0 0 0 0 0 0 0 -14.5384391365533 0 0 0 0 0 0 0 0 0 0 0 0 0 0 0 0 0 0 0 0 0 0 0 0 0 0 0 0 0 0 0 0 0 0 -37.2266517658243
0 0 0 0 0 0 0 0 0 0 0 0 0 0 0 0 0 0 0 0 0 0 0 -8.55667804723803 0 0 -17.8294508347794 0 0 0 0 0 0 0 0 0 0 0 0 0 0 0 0 0 0 0 0 0 0 0 0 0 0 0 0 0 0 0 0 0 0 0 0 0 -171.532261264729
0 0 0 0 0 0 0 0 0 0 0 0 0 40.8033803738985 44.9822598236939 0 0 0 20.5127096720743 0 0 0 0 0 -40.7288184281398 30.9127088964777 0 -22.9090347260063 0 0 0 0 0 0 0 0 0 0 0 0 0 0 0 0 0 0 0 0 0 0 0 0 0 0 0 0 0 0 0 0 0 0 0 0 260.597416925772
0 0 18.6818078117154 0 0 41.3362388252677 0 -40.6275870398543 -20.3035875556449 0 0 0 27.0117316746861 0 0 1.89730164810366 0 11.7103893208503 0 0 0 0 -38.0820090410299 0 0 0 0 0 0 0 0 0 0 0 0 0 0 0 0 0 0 0 0 0 0 0 0 0 0 0 0 0 0 0 0 0 0 0 0 0 0 0 0 0 -95.0153298345203
0 0 0 6.05459184910403 0 0 0 0 0 0 0 0 0 0 0 0 0 0 0 0 0 0 0 45.647417233919 0 0 0 22.7426092691653 0 0 0 0 0 0 0 0 0 0 0 0 0 0 0 0 0 0 0 0 0 0 0 0 0 0 0 0 0 0 0 0 0 0 0 0 98.4589571881062
0 0 0 0 0 42.3323952492947 0 0 0 0 0 0 0 0 0 0 0 0 0 0 0 0 0 0 0 0 0 -44.6685339315786 0 0 0 0 0 0 0 0 0 0 0 0 0 0 0 0 0 0 0 0 0 0 0 0 0 0 0 0 0 0 0 0 0 0 0 0 0.461055125696674
0 0 0 0 0 0 0 0 0 0 0 0 0 0 0 0 0 0 0 0 0 0 0 22.5328782190934 0 0 0 0 -41.778209042487 0 0 0 0 0 0 0 0 0 0 0 0 0 0 0 0 0 0 0 0 0 0 0 0 0 0 0 0 0 0 0 0 0 0 0 -247.250382863676
0 0 0 0 0 0 0 0 22.3738754829498 0 0 0 0 0 0 0 0 0 0 0 0 0 0 0 0 0 0 -45.3986903131167 0 0 0 0 0 0 0 0 0 0 0 0 0 0 0 0 0 0 0 0 0 0 0 0 0 0 0 0 0 0 0 0 0 0 0 0 -161.769623779602
0 0 0 0 0 0 0 0 0 0 0 0 0 0 0 0 0 0 0 8.54630441658266 0 0 0 0 0 -19.8813201416235 0 0 -8.53857710833691 0 0 0 0 0 0 0 0 0 0 0 0 0 0 0 0 0 0 0 0 0 0 0 0 0 0 0 0 0 0 0 0 0 0 0 -95.8794027934491
0 0 0 0 45.8603946887551 0 0 0 0 -30.1530280850919 0 0 0 -0.600933153553296 0 0 0 0 0 0 0 0 0 0 0 0 0 0 0 -41.0560486848067 0 0 0 0 0 0 0 0 0 0 0 0 0 0 0 0 0 0 0 0 0 0 0 0 0 0 0 0 0 0 0 0 0 0 -227.851577953127
0 0 34.08095753033 0 14.4450758285573 -49.2422516069748 0 0 0 0 0 0 0 0 45.8096329922833 0 0 0 0 0 0 0 0 0 -27.6012810446179 0 0 0 0 0 0 0 0 0 0 0 0 0 0 0 0 0 0 0 0 0 0 0 0 0 0 0 0 0 0 0 0 0 0 0 0 0 0 0 -315.720358648962
0 0 -27.0218597695801 0 0 0 0 27.8080495431647 0 0 0 0 0 0 0 0 0 0 0 0 0 0 0 0 0 0 0 0 0 0 0 0 0 0 0 0 0 0 0 0 0 0 0 0 0 0 0 0 0 0 0 0 0 0 0 0 0 0 0 0 0 0 0 0 49.4479821271963
0 0 0 0 0 0 0 0 0 0 0 0 49.229555094306 0 0 4.68469599666943 0 0 0 -39.7428396506912 0 0 0 0 0 0 0 0 -44.3840807632629 0 0 0 0 0 0 0 0 0 0 0 0 0 0 0 0 0 0 0 0 0 0 0 0 0 0 0 0 0 0 0 0 0 0 0 -396.548252317849
0 0 0 0 0 0 0 0 0 -27.354165807063 0 0 -19.0456703537206 0 0 0 0 0 0 0 0 0 0 31.2212391703511 0 0 35.5900015253134 0 0 0 0 0 0 0 0 0 0 0 0 0 0 0 0 0 0 0 0 0 0 0 0 0 0 0 0 0 0 0 0 0 0 0 0 0 -13.0868857382092
0 0 -35.5694535671008 0 0 0 0 0 -28.6963208457569 -47.3317243490873 0 0 0 0 0 0 0 0 0 0 0 0 0 -16.3084132769096 0 0 0 0 0 0 0 0 0 0 0 0 0 0 0 0 0 0 0 0 0 0 0 0 0 0 0 0 0 0 0 0 0 0 0 0 0 0 0 0 -461.561338588763
0 17.632655456621 45.5312425592292 0 0 0 0 -44.9981138475086 0 0 0 0 0 0 0 0 0 0 0 0 0 0 0 0 0 0 21.1659233895802 0 0 0 0 0 0 0 0 0 0 0 0 0 0 0 0 0 0 0 0 0 0 0 0 0 0 0 0 0 0 0 0 0 0 0 0 0 263.42471008884
0 0 0 0 0 0 0 -26.8351324189794 0 0 0 0 0 0 0 0 0 0 0 0 0 0 0 0 0 0 0 0 -33.9990722763509 0 0 0 0 0 0 0 0 0 0 0 0 0 0 0 0 0 0 0 0 0 0 0 0 0 0 0 0 0 0 0 0 0 0 0 -254.314167837215
0 0 0 24.3778808597191 0 0 0 0 0 0 0 0 47.100745386569 0 0 0 0 0 0 0 0 0 0 0 0 -12.9752378895743 0 0 15.521076250462 0 0 0 0 0 0 0 0 0 0 0 0 0 0 0 0 0 0 0 0 0 0 0 0 0 0 0 0 0 0 0 0 0 0 0 281.189438246517
18.156487544517 0 0 0 0 0 0 0 0 0 0 0 -37.3327231377557 0 0 0 0 0 0 0 0 0 0 0 0 0 0 0 0 0 0 0 0 0 0 0 0 0 0 0 0 0 0 0 0 0 0 0 0 0 0 0 0 0 0 0 0 0 0 0 0 0 0 0 -191.52476067073
46.7532012316046 0 0 0 0 0 0 0 -25.7535901419027 0 3.27570455742432 0 0 0 0 0 0 0 33.1441745860325 0 0 0 0 0 0 0 0 0 0 0 0 0 0 0 0 0 0 0 0 0 0 0 0 0 0 0 0 0 0 0 0 0 0 0 0 0 0 0 0 0 0 0 0 0 98.7827580056099
0 0 0 0 0 0 0 0 0 0 0 0 0 0 0 0 0 0 0 0 0 18.2295177083092 0 0 1.71434360386467 0 0 0 0 0 0 0 0 0 0 0 0 0 0 0 0 0 0 0 0 0 0 0 0 0 0 0 0 0 0 0 0 0 0 0 0 0 0 0 64.8983727625134
0 0 0 -9.02298017872737 0 0 0 0 0 0 0 0 0 0 0 0 0 0 0 0 0 0 0 0 0 0 0 0 0 0 0 0 0 0 0 0 0 0 0 0 0 0 0 0 0 0 0 0 0 0 0 0 0 0 0 0 0 0 0 0 0 0 0 0 -6.46358079108166
0 0 0 0 0 -35.4897035667252 0 0 0 0 0 0 0 0 -25.4553095330705 19.8867942962075 0 0 0 0 0 0 0 0 0 0 0 0 0 0 0 0 0 0 0 0 0 0 0 0 0 0 0 0 0 0 0 0 0 0 0 0 0 0 0 0 0 0 0 0 0 0 0 0 -184.842679129152
0 0 0 0 0 0 0 0 -8.16628129609273 0 0 0 0 0 0 0 0 0 0 0 0 0 0 0 -34.7681904712323 0 31.3383411466344 0 0 0 0 0 0 0 0 0 0 0 0 0 0 0 0 0 0 0 0 0 0 0 0 0 0 0 0 0 0 0 0 0 0 0 0 0 -13.6623923947307
0 0 0 0 0 0 0 0 0 0 0 0 -40.3929930889642 0 0 0 0 0 37.3282176630962 0 0 0 0 0 0 1.54671441252929 0 0 0 0 0 0 0 0 0 0 0 0 0 0 0 0 0 0 0 0 0 0 0 0 0 0 0 0 0 0 0 0 0 0 0 0 0 0 -136.096812248682
0 0 -33.6291359663945 0 24.5841632999825 0 0 0 -6.97631473144481 0 -34.2305886803494 0 0 0 0 0 0 0 0 0 0 0 0 0 0 -41.4991953049475 0 0 0 36.3947813443347 0 27.7137319086545 0 0 0 0 0 0 0 0 0 0 0 0 0 0 0 0 0 0 0 0 0 0 0 0 0 0 0 0 0 0 0 0 -249.329142917237
0 0 0 -23.2984461856846 0 0 0 0 0 0 -21.5349534430753 0 0 0 0 0 0 0 0 0 0 0 0 0 0 0 0 0 10.6987406993116 0 0 -45.2677310887958 0 0 0 0 0 0 0 0 0 0 0 0 0 0 0 0 0 0 0 0 0 0 0 0 0 0 0 0 0 0 0 0 -174.144925620874
0 0 0 0 33.5551536332405 46.8805178891762 0 0 0 0 0 0 0 0 25.0098952861216 0 0 0 0 0 0 0 0 0 0 0 0 0 0 0 0 0 0 0 0 0 0 0 0 0 0 0 0 0 0 0 0 0 0 0 0 0 0 0 0 0 0 0 0 0 0 0 0 0 349.033069149989
0 0 0 0 0 42.4233474832743 -39.2998216198432 0 0 0 40.9173008190657 0 0 0 0 31.9580711034703 14.3611022653248 49.8836064347485 0 0 0 0 0 0 0 0 0 0 0 0 0 0 0 0 0 0 0 0 0 0 0 0 0 0 0 0 0 0 0 0 0 0 0 0 0 0 0 0 0 0 0 0 0 0 529.814328685495
0 0 0 0 0 0 -28.5211651249764 0 49.0735641193085 0 0 0 0 0 0 0 0 0 0 0 0 0 0 0 0 0 0 0 0 0 0 0 0 0 0 0 0 0 0 0 0 0 0 0 0 0 0 0 0 0 0 0 0 0 0 0 0 0 0 0 0 0 0 0 -98.3671152329003
0 0 -47.746830401757 0 -10.4781179965443 0 0 0 0 0 0 0 0 0 0 0 0 0 0 0 0 0 0 0 0 0 0 6.3025145328426 0 0 0 0 0 0 0 0 0 0 0 0 0 0 0 0 0 0 0 0 0 0 0 0 0 0 0 0 0 0 0 0 0 0 0 0 -17.5991621635326
0 0 0 0 0 0 0 0 0 0 0 0 0 0 0 0 0 0 0 0 6.38849200991123 0 0 0 0 -3.05553358861796 0 0 0 0 0 0 0 0 0 0 0 0 0 0 0 0 0 0 0 0 0 0 0 0 0 0 0 0 0 0 0 0 0 0 0 0 0 0 -6.54413551065817
0 0 0 0 0 0 0 -5.64376629771171 0 0 0 -29.8428422178412 0 0 0 0 0 0 0 0 0 0 0 0 -30.3823367216623 0 0 0 0 0 0 0 0 0 0 0 0 0 0 0 0 0 0 0 0 0 0 0 0 0 0 0 0 0 0 0 0 0 0 0 0 0 0 0 -563.817889437938
0 0 0 0 35.2230899050131 0 0 0 0 0 0 0 0 0 0 0 0 0 0 0 0 0 0 0 19.1138914921854 0 0 0 0 0 0 -12.1143538409294 0 0 0 0 0 0 0 0 0 0 0 0 0 0 0 0 0 0 0 0 0 0 0 0 0 0 0 0 0 0 0 0 269.56436869297
0 -30.9749883023259 0 0 0 0 0 0 0 0 0 -24.4375117922122 0 0 0 0 0 0 -20.3065989611459 0 0 39.5805552152006 0 0 0 49.0960227003808 0 0 0 0 0 0 0 0 0 0 0 0 0 0 0 0 0 0 0 0 0 0 0 0 0 0 0 0 0 0 0 0 0 0 0 0 0 0 -90.9854148239465
0 0 0 0 0 0 0 -41.6005559365725 0 0 0 0 0 -15.2958664690979 0 0 0 0 0 0 0 0 0 0 0 0 0 0 -41.1511016748312 0 0 0 0 0 0 0 0 0 0 0 0 0 0 0 0 0 0 0 0 0 0 0 0 0 0 0 0 0 0 0 0 0 0 0 -472.809349693601
0 0 0 0 0 0 13.0637691314677 0 0 0 0 -24.8160617562306 0 0 0 0 0 0 0 0 0 -7.4102731047696 0 0 0 0 0 0 0 0 0 0 0 0 0 0 0 0 0 0 0 0 0 0 0 0 0 0 0 0 0 0 0 0 0 0 0 0 0 0 0 0 0 0 -199.006402700321
0 0 0 0 0 0 0 0 0 0 0 0 0.9122368587962 -22.1535497617359 0 0 0 0 0 0 0 0 0 0 0 0 0 3.82844448051605 0 0 0 0 0 0 0 0 0 0 0 0 0 0 0 0 0 0 0 0 0 0 0 0 0 0 0 0 0 0 0 0 0 0 0 0 -194.630245579893
0 0 0 0 0 0 0 30.2518984944384 0 0 0 0 0 0 0 0 0 0 0 0 0 -37.772764028462 25.0470364591092 0 0 0 0 0 0 0 0 0 0 0 0 0 0 0 0 0 0 0 0 0 0 0 0 0 0 0 0 0 0 0 0 0 0 0 0 0 0 0 0 0 191.252649076988
0 0 0 0 0 0 0 0 0 0 0 -2.00914733271892 0 0 0 0 0 0 0 0 0 0 0 0 0 49.887349107732 0 0 0 0 0 0 0 0 0 0 0 0 0 0 0 0 0 0 0 0 0 0 0 0 0 0 0 0 0 0 0 0 0 0 0 0 0 0 307.20786050649
0 0 0 0 0 0 0 0 0 0 0 0 0 0 0 0 0 0 0 0 0 0 0 0 0 -3.29867992402058 0 0 0 0 4.11090093578682 -41.1731331893982 0 0 0 0 0 0 0 0 0 0 0 0 0 0 0 0 0 0 0 0 0 0 0 0 0 0 0 0 0 0 0 0 -80.5233923455525
0 0 0 0 0 0 0 0 0 0 0 0 0 0 0 0 0 0 0 0 0 46.9896596606363 0 0 0 0 0 0 0 12.2367619719421 0 0 0 0 0 0 0 0 0 0 0 0 0 0 0 0 0 0 0 0 0 0 0 0 0 0 0 0 0 0 0 0 0 0 159.036093765127
0 0 0 0 0 0 0 0 0 0 0 0 -5.02310782932507 0 0 0 0 0 0 0 0 0 41.0039757198273 0 0 0 0 40.6430853782264 0 0 0 0 0 0 0 0 0 0 0 0 0 0 0 0 0 0 0 0 0 0 0 0 0 0 0 0 0 0 0 0 0 0 0 0 517.215073745548
0 -37.3514502672558 0 0 0 0 0 0 0 0 0 -24.288370042387 0 0 0 0 0 0 0 10.3375544097052 0 0 0 0 0 -31.1859662199771 0 0 0 0 0 0 0 0 0 0 0 0 0 0 0 0 0 0 0 0 0 0 0 0 0 0 0 0 0 0 0 0 0 0 0 0 0 0 -630.694795154263
0 -23.4282885820871 0 0 0 0 0 -32.6185368219563 0 0.85106827404543 0 0 0 0 0 0 0 0 0 0 0 12.6584551153711 0 0 0 -8.54359442503186 0 0 0 0 0 0 0 0 0 0 0 0 0 0 0 0 0 0 0 0 0 0 0 0 0 0 0 0 0 0 0 0 0 0 0 0 0 0 -262.175935938191
0 0 0 0 0 0 0 0 0 0 0 0 0 0 0 0 -40.6111420459419 0 0 0 0 0 0 0 0 0 0 0 0 0 0 0 0 0 0 0 0 0 0 0 0 0 0 0 0 0 0 0 0 0 0 0 0 0 0 0 0 0 0 0 0 0 0 0 -350.134797611488
0 0 0 0 0 0 0 0 0 0 0 0 0 -15.0184520877311 0 0 0 0 0 0 0 0 0 0 0 0 0 0 0 0 0 0 0 0 0 0 0 0 0 0 0 0 0 0 0 0 0 0 0 0 0 0 0 0 0 0 0 0 0 0 0 0 0 0 -145.232919972467
2.91313865956505 0 0 0 0 0 0 0 0 0 0 0 0 0 0 0 49.2406172061922 -39.4391163214497 0 0 0 0 13.0544287347885 0 10.403470767445 0 0 0 0 0 0 0 0 0 0 0 0 0 0 0 0 0 0 0 0 0 0 0 0 0 0 0 0 0 0 0 0 0 0 0 0 0 0 0 516.367315798161
0 0 0 0 27.4604899490804 0 0 0 0 0 0 -3.11894107166414 0 0 0 0 0 0 0 0 0 0 0 0 0 0 0 0 0 0 0 0 0 0 0 0 0 0 0 0 0 0 0 0 0 0 0 0 0 0 0 0 0 0 0 0 0 0 0 0 0 0 0 0 67.4897829569433
-35.3883946292756 0 0 0 0 0 0 0 0 0 -28.2778530285141 0 0 0 0 0 0 0 0 0 0 0 0 0 0 0 0 0 0 0 0 0 0 0 0 0 0 0 0 0 0 0 0 0 0 0 0 0 0 0 0 0 0 0 0 0 0 0 0 0 0 0 0 0 -191.659843166068
0 0 37.1435481771049 0 0 0 0 0 0 0 0 0 44.2320702958668 0 0 0 0 0 0 -39.2876000825823 0 0 0 0.318009685356269 0 0 0 0 0 0 0 0 0 0 0 0 0 0 0 0 0 0 0 0 0 0 0 0 0 0 0 0 0 0 0 0 0 0 0 0 0 0 0 0 -149.068110148607
0 -19.519012195373 0 0 0 0 0 0 0 0 0 0 0 0 0 0 27.5986119667726 0 0 0 22.762044005355 0 -23.1956743380207 0 0 0 0 0 0 0 26.8497066335176 0 0 0 0 0 0 0 0 0 0 0 0 0 0 0 0 0 0 0 0 0 0 0 0 0 0 0 0 0 0 0 0 0 70.7685127096804
0 0 0 0 34.1389455162048 0 0 0 0 0 -9.72661297284123 0 0 44.0376390079373 0 0 -48.4429994065188 0 0 0 0 0 0 0 11.4081828301959 0 0 0 0 0 0 0 0 0 0 0 0 0 0 0 0 0 0 0 0 0 0 0 0 0 0 0 0 0 0 0 0 0 0 0 0 0 0 0 171.585315073541
0 0 0 -34.1242560133484 0 0 0 -11.8810529549119 0 0 0 0 0 0 -7.52297011925404 0 0 18.1174495838611 0 0 0 0 0 0 0 -11.375280405441 -24.6023856032354 0 0 0 0 0 0 0 0 0 0 0 0 0 0 0 0 0 0 0 0 0 0 0 0 0 0 0 0 0 0 0 0 0 0 0 0 0 -310.246324396813
0 0 0 0 0 0 0 0 0 26.8899465016158 0 0 0 0 0 0 0 0 0 0 0 0 0 0 0 0 0 0 0 0 0 0 0 0 0 0 0 0 0 0 0 0 0 0 0 0 0 0 0 0 0 0 0 0 0 0 0 0 0 0 0 0 0 0 250.071096720069
0 0 0 0 0 -31.7859516436794 49.8521762209575 0 -17.8756283339715 -37.9342879881728 0 0 0 0 0 0 0 27.7144546272998 0 46.2254533060639 0 0 0 0 0 0 0 0 0 0 0 0 0 0 0 0 0 0 0 0 0 0 0 0 0 0 0 0 0 0 0 0 0 0 0 0 0 0 0 0 0 0 0 0 277.368343210725
0 0 0 -10.7607259761135 0 17.5611159732819 0 -20.3141341134577 0 0 0 0 -27.074822458901 0 0 0 34.0675610796653 0 0 0 0 -11.0157379876381 0 0 0 0 0 0 0 0 12.2379367786081 0 0 0 0 0 0 0 0 0 0 0 0 0 0 0 0 0 0 0 0 0 0 0 0 0 0 0 0 0 0 0 0 0 215.708409292386
0 31.503598323884 0 45.7020801023927 0 0 0 0 0 -0.433149376463871 0 0 0 0 0 0 0 0 0 0 0 0 0 0 0 0 0 34.3765027163217 0 0 0 0 0 0 0 0 0 0 0 0 0 0 0 0 0 0 0 0 0 0 0 0 0 0 0 0 0 0 0 0 0 0 0 0 412.577844430733
0 0 0 4.42234660658111 0 0 0 0 0 0 0 0 0 0 0 0 0 0 0 0 0 0 0 0 0 10.1900896161949 0 -5.63760754369353 0 0 0 0 0 0 0 0 0 0 0 0 0 0 0 0 0 0 0 0 0 0 0 0 0 0 0 0 0 0 0 0 0 0 0 0 48.2416682500918
18.1931026400857 0 0 0 0 0 0 0 0 0 0 0 0 17.2829246168664 0 0 0 41.8899968457172 11.2999978300022 -26.723733831869 0 0 0 0 0 -35.6595644113632 0 0 0 0 0 0 0 0 0 0 0 0 0 0 0 0 0 0 0 0 0 0 0 0 0 0 0 0 0 0 0 0 0 0 0 0 0 0 -166.300690072799
0 0 -32.6844153510127 0 25.2995940915654 0 0 0 0 0 0 0 0 0 0 -42.454433353223 0 0 -42.6025345672223 0 0 0 0 0 0 0 0 -24.5031151468068 0 0 0 0 0 0 0 0 0 0 0 0 0 0 0 0 0 0 0 0 0 0 0 0 0 0 0 0 0 0 0 0 0 0 0 0 -90.7976330764789
0 0 -34.5869190733156 -30.9554607177551 14.7049358592205 0 0 0 0 0 0 0 0 0 0 0 0 0 0 0 28.8235103088906 0 0 0 0 0 0 0 0 0 0 0 0 0 0 0 0 0 0 0 0 0 0 0 0 0 0 0 0 0 0 0 0 0 0 0 0 0 0 0 0 0 0 0 87.1166476708921
0 -49.1758578217712 0 0 0 0 0 0 0 0 0 0 0 0 0 0 0 0 0 0 0 0 0 48.364852947214 0 0 0 -49.2146095886882 0 0 0 0 0 0 0 0 0 0 0 0 0 0 0 0 0 0 0 0 0 0 0 0 0 0 0 0 0 0 0 0 0 0 0 0 -574.692606104538
31.1520119306351 0 0 0 0 0 0 0 0 0 0 0 0 0 -39.1248010701838 0 0 0 0 0 0 0 0 0 0 0 0 0 0 0 0 0 0 0 0 0 0 0 0 0 0 0 0 0 0 0 0 0 0 0 0 0 0 0 0 0 0 0 0 0 0 0 0 0 -44.5484189972581
0 0 0 0 0 41.995249541393 0 0 0 0 0 0 0 0 0 0 0 0 -47.078712577099 0 0 0 0 0 0 0 0 0 0 0 0 0 0 0 0 0 0 0 0 0 0 0 0 0 0 0 0 0 0 0 0 0 0 0 0 0 0 0 0 0 0 0 0 0 78.1896749819356
0 0 0 0 0 0 0 0 0 0 0 0 0 10.7309701595247 0 22.1582478996358 0 0 0 0 0 0 -42.1923949651527 0 0 22.4386348646908 0 0 0 0 0 41.6473959312894 0 0 0 0 0 0 0 0 0 0 0 0 0 0 0 0 0 0 0 0 0 0 0 0 0 0 0 0 0 0 0 0 -64.9341024552553
0 0 0 0 0 0 0 0 0 0 0 19.7822038014773 0 0 0 0 0 0 0 0 38.7139418068792 0 0 10.2332447316562 0 0 0 0 0 0 47.6874605502141 0 0 0 0 0 0 0 0 0 0 0 0 0 0 0 0 0 0 0 0 0 0 0 0 0 0 0 0 0 0 0 0 0 557.47361720195
0 0 0 0 30.8546002475662 0 0 0 0 0 0 0 0 0 46.7741056786943 0 0 0 0 0 0 0 0 0 0 0 0 0 0 0 0 0 0 0 0 0 0 0 0 0 0 0 0 0 0 0 0 0 0 0 0 0 0 0 0 0 0 0 0 0 0 0 0 0 184.851513604989
0 0 0 0 0 0 0 0 0 0 0 0 0 0 0 0 0 0 0 0 0 0 0 -5.92183277003059 0 0 0 0 0 0 20.0024655035538 0 0 0 0 0 0 0 0 0 0 0 0 0 0 0 0 0 0 0 0 0 0 0 0 0 0 0 0 0 0 0 0 0 119.199560146007
0 0 0 0 0 0 10.9180122456801 0 0 0 0 0 0 0 -10.6770310219373 0 0 0 0 0 0 0 0 0 0 0 0 0 0 0 0 0 0 0 0 0 0 0 0 0 0 0 0 0 0 0 0 0 0 0 0 0 0 0 0 0 0 0 0 0 0 0 0 0 30.4493550406929
0 0 0 0 0 -36.7006877331152 0 14.9265683493923 0 0 0 0 0 0 0 0 5.78804403716315 0 0 0 0 0 0 0 0 0 0 0 0 0 0 0 0 0 0 0 0 0 0 0 0 0 0 0 0 0 0 0 0 0 0 0 0 0 0 0 0 0 0 0 0 0 0 0 -70.7689745511596
0 0 0 0 0 0 -20.4075868638914 0 0 0 0 0 0 0 0 0 0 0 0 0 -45.0869771490592 0 0 0 0 0 0 0 0 0 0 0 0 0 0 0 0 0 0 0 0 0 0 0 0 0 0 0 0 0 0 0 0 0 0 0 0 0 0 0 0 0 0 0 -184.081742596162
0 0 0 0 0 20.7802499758151 0 0 0 0 0 0 0 0 0 -37.3009652258371 0 0 0 39.8755971263671 -44.4444963170169 0 0 0 0 0 0 0 0 0 0 0 0 0 0 0 0 0 0 0 0 0 0 0 0 0 0 0 0 0 0 0 0 0 0 0 0 0 0 0 0 0 0 0 388.989748271464
0 0 0 0 0 0 0 0 0 0 0 0 0 0 0 0 0 0 0 0 0 0 0 -23.5980379376776 0 0 0 0 0 0 0 -42.2110705832971 0 0 0 0 0 0 0 0 0 0 0 0 0 0 0 0 0 0 0 0 0 0 0 0 0 0 0 0 0 0 0 0 -89.3975729985724
0 0 0 0 0 0 0 0 0 0 0 0 0 0 0 0 0 0 0 0 0 0 0 0 43.1759987748454 0 -49.2669680096708 0 0 0 0 0 0 0 0 0 0 0 0 0 0 0 0 0 0 0 0 0 0 0 0 0 0 0 0 0 0 0 0 0 0 0 0 0 -87.2798046485223
0 -37.2858093325593 0 0 0 0 0 0 0 0 0 0 0 0 0 49.9143715587243 0 0 0 0 0 0 0 0 0 0 -17.7085523254112 0 0 0 0 0 0 0 0 0 0 0 0 0 0 0 0 0 0 0 0 0 0 0 0 0 0 0 0 0 0 0 0 0 0 0 0 0 -467.44119126358
0 0 0 0 0 0 0 0 0 -47.8590955295168 0 0 0 -31.7009394890579 0 0 0 0 0 0 0 -27.5778370767441 0 0 0 0 0 0 0 0 0 0 0 0 0 0 0 0 0 0 0 0 0 0 0 0 0 0 0 0 0 0 0 0 0 0 0 0 0 0 0 0 0 0 -826.808195716143
0 0 0 45.5767796849926 0 0 0 0 0 0 0 0 0 0 0 0 0 -36.8066076818368 0 0 -15.0260343846439 0 0 0 0 0 0 0 0 0 0 0 0 0 0 0 0 0 0 0 0 0 0 0 0 0 0 0 0 0 0 0 0 0 0 0 0 0 0 0 0 0 0 0 -116.584901788175
0 0 0 0 0 0 0 0 0 0 0 0 0 0 0 0 0 0 0 0 0 0 42.0667901757704 0 0 0 0 0 0 0 0 0 0 0 0 0 0 0 0 0 0 0 0 0 0 0 0 0 0 0 0 0 0 0 0 0 0 0 0 0 0 0 0 0 398.970663572918
0 0 0 0 0 0 0 0 0 0 0 0 0 0 0 0 0 -10.4300595683568 0 0 0 0 0 0 0 0 37.7898261912829 0 0 0 9.9993980733996 0 0 0 0 0 0 0 0 0 0 0 0 0 0 0 0 0 0 0 0 0 0 0 0 0 0 0 0 0 0 0 0 0 387.473475668823
2.37965685930378 0 0 0 0 0 -40.7559429517407 0 0 0 45.6319997463834 0 0 0 0 3.76903396391337 0 0 31.1032883533856 4.20938645628347 0 0 0 19.9663338244014 0 0 0 0 0 0 0 0 0 0 0 0 0 0 0 0 0 0 0 0 0 0 0 0 0 0 0 0 0 0 0 0 0 0 0 0 0 0 0 0 204.002732391038
0 0 0 0 0 0 0 48.6274290013044 0 0 0 0 0 0 0 0 0 0 0 0 0 -40.9869264781162 0 0 0 0 0 0 0 0 0 0 0 0 0 0 0 0 0 0 0 0 0 0 0 0 0 0 0 0 0 0 0 0 0 0 0 0 0 0 0 0 0 0 -20.6432915466867
0 0 0 0 44.9380721143011 0 0 0 0 0 0 0 0 0 0 0 0 0 0 0 0 0 0 -45.1340650766253 0 0 0 44.9645198095815 0 0 0 0 0 0 0 0 0 0 0 0 0 0 0 0 0 0 0 0 0 0 0 0 0 0 0 0 0 0 0 0 0 0 0 0 324.082002030409
0 0 -30.6888494139942 0 -29.8366691978099 0 0 0 0 0 0 0 0 0 0 0 0 0 0 -16.1816369037537 0 0 0 0 0 0 0 0 0 0 0 0 0 0 0 0 0 0 0 0 0 0 0 0 0 0 0 0 0 0 0 0 0 0 0 0 0 0 0 0 0 0 0 0 -270.25245285695
0 0 -47.6817740387189 0 0 0 0 0 0 0 0 -13.5583843046562 -1.15380609323832 -32.3433448003408 0 0 0 0 0 0 0 0 0 0 33.0928205236407 0 0 0 0 0 0 0 0 0 0 0 0 0 0 0 0 0 0 0 0 0 0 0 0 0 0 0 0 0 0 0 0 0 0 0 0 0 0 0 -158.985997831555
0 0 0 0 0 0 0 0 0 0 0 0 -47.5057596389009 0 0 0 0 0 0 16.7334043117076 0 0 0 22.7742981923748 0 0 0 0 0 0 -44.2465775597502 0 0 0 0 0 0 0 0 0 0 0 0 0 0 0 0 0 0 0 0 0 0 0 0 0 0 0 0 0 0 0 0 0 -352.589583549551
10.7152933955429 0 0 0 0 0 0 0 0 0 0 0 0 0 0 0 0 0 0 -49.116454889087 0 0 0 0 0 0 15.1076052700712 0 0 0 0 0 0 0 0 0 0 0 0 0 0 0 0 0 0 0 0 0 0 0 0 0 0 0 0 0 0 0 0 0 0 0 0 0 -340.170002656251
0 0 0 0 0 0 0 0 0 0 -5.85679923048174 0 0 0 0 0 0 11.0480984011544 0 0 0 0 0 0 0 0 0 0 0 0 0 0 0 0 0 0 0 0 0 0 0 0 0 0 0 0 0 0 0 0 0 0 0 0 0 0 0 0 0 0 0 0 0 0 0.0266046618113052
0 0 0 0 0 0 0 0 0 0 0 0 0 0 0 0 0 0 0 0 0 0 0 0 0 0 0 0 0 0 0 0 0 0 0 0 0 0 0 0 0 0 0 0 0 0 0 0 0 0 0 0 0 0 0 0 0 0 0 0 0 0 0 0 0
0 0 0 0 0 0 0 0 0 -34.7039922889075 0 0 0 0 0 -35.4148259803064 0 0 0 0 0 0 0 0 0 0 47.5867329803767 0 0 22.980678273694 0 0 0 0 0 0 0 0 0 0 0 0 0 0 0 0 0 0 0 0 0 0 0 0 0 0 0 0 0 0 0 0 0 0 189.526760906486
0 0 0 0 -47.9392730019384 0 0 0 0 0 0 0 0 -17.7790879220807 0 0 -13.0174852828589 0 0 0 0 0 0 0 0 0 0 -29.69725439685 0 -0.833431508760307 0 0 0 0 0 0 0 0 0 0 0 0 0 0 0 0 0 0 0 0 0 0 0 0 0 0 0 0 0 0 0 0 0 0 -569.522882895923
0 0 0 0 -34.9113515124965 0 34.4434378318378 0 0 0 0 0 0 0 0 0 0 0 0 0 0 0 2.98396721357761 0 9.7147846249664 0 0 0 -18.6419158965764 -15.736233881286 0 0 0 0 0 0 0 0 0 0 0 0 0 0 0 0 0 0 0 0 0 0 0 0 0 0 0 0 0 0 0 0 0 0 -10.1239878561639
0 0 0 0 0 -4.09219217769512 -43.3830635021558 0 0 0 0 0 0 0 -20.5217151927405 0 0 0 0 0 0 0 0 0 0 0 0 0 0 0 0 0 0 0 0 0 0 0 0 0 0 0 0 0 0 0 0 0 0 0 0 0 0 0 0 0 0 0 0 0 0 0 0 0 -239.444536115711
0 18.9273497406475 0 0 -35.3843699099603 0 0 0 0 0 0 0 0 0 0 0 0 0 0 0 0 0 0 0 47.8599603241033 0 0 49.0193143721846 0 0 0 0 0 0 0 0 0 0 0 0 0 0 0 0 0 0 0 0 0 0 0 0 0 0 0 0 0 0 0 0 0 0 0 0 638.626052695623
0 0 0 0 0 0 -35.3623607360712 -7.80340909539869 0 0 0 19.1342525516566 0 0 0 0 0 0 0 0 0 0 0 0 0 0 0 0 0 0 0 0 0 0 0 0 0 0 0 0 0 0 0 0 0 0 0 0 0 0 0 0 0 0 0 0 0 0 0 0 0 0 0 0 12.6943724330309
0 0 0 10.2278481854439 0 0 0 0 0 0 0 40.5657742724322 0 0 0 -33.5734609023728 0 0 0 0 -15.4165203764521 -2.50660228648328 0 -15.1262455873141 0 0 0 0 0 7.70555570557986 0 6.08501895345734 0 0 0 0 0 0 0 0 0 0 0 0 0 0 0 0 0 0 0 0 0 0 0 0 0 0 0 0 0 0 0 0 383.074522315249
0 0 46.1405790637888 0 0 0 0 0 0 0 0 0 0 0 0 0 0 0 0 0 0 0 0 0 0 0 0 -1.57450864818939 0 0 0 0 0 0 0 0 0 0 0 0 0 0 0 0 0 0 0 0 0 0 0 0 0 0 0 0 0 0 0 0 0 0 0 0 -1.52647931188651
0 0 0 0 0 0 0 0 0 0 0 0 0 0 0 0 0 0 0 0 -2.52773039597101 0 0 0 0 0 0 0 0 0 0 0 0 0 0 0 0 0 0 0 0 0 0 0 0 0 0 0 0 0 0 0 0 0 0 0 0 0 0 0 0 0 0 0 -5.31851064966331
0 0 0 0 0 0 0 0 0 0 0 0 0 0 5.88826900522844 0 0 0 0 0 0 0 0 0 0 0 0 0 0 0 0 0 0 0 0 0 0 0 0 0 0 0 0 0 0 0 0 0 0 0 0 0 0 0 0 0 0 0 0 0 0 0 0 0 9.53022415670111
0 0 0 0 0 0 0 0 0 0 19.9392338659452 0 0 0 0 0 0 0 0 0 0 0 0 0 0 0 0 40.0073189073719 0 0 -21.7752540970852 0 0 0 0 0 0 0 0 0 0 0 0 0 0 0 0 0 0 0 0 0 0 0 0 0 0 0 0 0 0 0 0 0 142.473706185484
0 0 0 0 0 0 0 0 20.2968833937911 0 12.2673588215206 0 0 0 0 0 0 0 0 0 0 0 0 -21.3273199438565 0 0 0 0 40.8544781441018 0 0 0 0 0 0 0 0 0 0 0 0 0 0 0 0 0 0 0 0 0 0 0 0 0 0 0 0 0 0 0 0 0 0 0 326.670836000918
28.4925603366989 0 43.6510688465122 0 0 0 39.1749481809898 0 0 0 0 0 0 0 0 0 0 0 -16.4082118952637 11.9101314994691 0 -3.44695781802737 0 0 0 0 0 0 0 0 0 0 0 0 0 0 0 0 0 0 0 0 0 0 0 0 0 0 0 0 0 0 0 0 0 0 0 0 0 0 0 0 0 0 270.297877733655
0 0 0 0 0 0 0 0 -37.8658866077432 0 0 0 0 0 0 0 0 0 0 0 0 0 0 0 0 0 0 0 0 0 43.6179296624137 0 0 0 0 0 0 0 0 0 0 0 0 0 0 0 0 0 0 0 0 0 0 0 0 0 0 0 0 0 0 0 0 0 241.622425654006
0 0 0 0 0 0 0 0 2.86685963033901 0 0 41.2121226709253 -26.1626588425075 0 0 0 0 0 0 0 0 -17.6977254988543 0 0 0 0 0 0 0 0 0 0 0 0 0 0 0 0 0 0 0 0 0 0 0 0 0 0 0 0 0 0 0 0 0 0 0 0 0 0 0 0 0 0 203.199760844194
0 0 0 0 0 0 0 14.2091485693928 0 0 0 0 0 -10.9966061660194 0 -44.7234375364035 0 0 0 0 0 0 28.890938949951 0 0 0 0 0 16.778334256139 11.7170320175429 0 0 0 0 0 0 0 0 0 0 0 0 0 0 0 0 0 0 0 0 0 0 0 0 0 0 0 0 0 0 0 0 0 0 324.435788994173
0 0 0 0 0 0 0 0 0 0 0 -41.8569277495605 0 0 0 0 -23.3161731150771 0 0 10.1493777908944 0 0 0 45.4096957310715 0 0 0 0 0 0 0 0 0 0 0 0 0 0 0 0 0 0 0 0 0 0 0 0 0 0 0 0 0 0 0 0 0 0 0 0 0 0 0 0 -490.480704989419
0 0 0 0 0 0 0 0 0 0 0 0 0 0 0 0 0 0 0 0 0 0 -26.5065767630677 0 0 0 0 0 0 0 -32.2206486873999 0 0 0 0 0 0 0 0 0 0 0 0 0 0 0 0 0 0 0 0 0 0 0 0 0 0 0 0 0 0 0 0 0 -444.88266314333
-10.1241379529431 0 0 0 0 0 0 0 -7.45859290101086 0 0 0 0 0 0 10.1451390087165 0 0 0 0 0 0 0 0 0 0 -40.8454971520016 0 45.2333650142135 0 0 0 0 0 0 0 0 0 0 0 0 0 0 0 0 0 0 0 0 0 0 0 0 0 0 0 0 0 0 0 0 0 0 0 -128.509087939698
0 0 0 0 0 0 0 0 0 0 -31.2438349824931 0 0 0 47.2805392144003 0 0 -13.9276072334549 0 0 0 0 0 0 0 0 0 0 0 0 0 0 0 0 0 0 0 0 0 0 0 0 0 0 0 0 0 0 0 0 0 0 0 0 0 0 0 0 0 0 0 0 0 0 -156.179145110575
0 0 0 0 0 0 0 0 0 0 0 0 0 0 0 0 0 0 0 0 0 0 0 0 0 0 0 0 0 0 0 0 0 0 0 0 0 0 0 0 0 0 0 0 0 0 0 0 0 0 0 0 0 0 0 0 0 0 0 0 0 0 0 0 0
0 0 0 0 0 0 0 0 0 0 47.7246283222173 0 0 0 0 0 0 0 0 0 0 0 0 0 0 0 0 0 0 0 0 0 0 0 0 0 0 0 0 0 0 0 0 0 0 0 0 0 0 0 0 0 0 0 0 0 0 0 0 0 0 0 0 0 287.468338074858
0 0 0 0 0 0 0 0 0 0 0 0 0 0 0 0 0 0 0 0 0 0 0 0 -35.9153577063051 0 0 0 0 0 0 0 0 0 0 0 0 0 0 0 0 0 0 0 0 0 0 0 0 0 0 0 0 0 0 0 0 0 0 0 0 0 0 0 -318.627582391314
0 0 -24.7141252412047 0 0 0 0 0 0 0 0 0 -31.6529761350263 0 0 0 0 0 0 0 0 0 0 0 0 -8.8472735538688 0 0 0 -1.15273602685432 0 0 0 0 0 0 0 0 0 0 0 0 0 0 0 0 0 0 0 0 0 0 0 0 0 0 0 0 0 0 0 0 0 0 -234.860039369188
29.3632118596739 0 0 0 0 0 0 0 0 0 0 0 0 0 0 0 0 0 0 7.51534353040031 0 0 0 0 0 0 0 0 0 0 0 0 0 0 0 0 0 0 0 0 0 0 0 0 0 0 0 0 0 0 0 0 0 0 0 0 0 0 0 0 0 0 0 0 92.802825563471
0 0 0 0 -2.42925785273742 0 0 0 0 0 0 0 3.80602036955732 0 0 0 0 0 0 0 0 0 -45.9826233318924 0 0 0 0 0 0 0 0 0 0 0 0 0 0 0 0 0 0 0 0 0 0 0 0 0 0 0 0 0 0 0 0 0 0 0 0 0 0 0 0 0 -424.061390667573
0 0 0 0 0 0 0 0 0 0 0 0 -3.84522943735262 0 0 0 0 0 0 0 0 0 0 0 0 0 0 0 21.7456348226414 0 0 0 0 0 0 0 0 0 0 0 0 0 0 0 0 0 0 0 0 0 0 0 0 0 0 0 0 0 0 0 0 0 0 0 109.657278464784
9.73727846787659 0 0 0 0 0 0 0 0 0 0 0 0 0 0 0 0 0 0 0 0 47.1043668514523 0 0 0 0 16.2558167398741 0 0 0 0 0 0 0 0 0 0 0 0 0 0 0 0 0 0 0 0 0 0 0 0 0 0 0 0 0 0 0 0 0 0 0 0 0 289.448246651178
0 0 0 0 0 -34.8361414866686 0 -37.0305117957444 41.0227350209381 0 0 0 0 0 41.9820773976077 0 0 0 0 0 0 0 0 0 0 0 0 0 0 0 0 0 0 0 0 0 0 0 0 0 0 0 0 0 0 0 0 0 0 0 0 0 0 0 0 0 0 0 0 0 0 0 0 0 -120.484761289743
0 -36.1305953748071 0 0 0 0 0 0 0 -45.0675875250536 0 0 0 0 0 0 0 0 0 0 0 0 0 0 0 0 0 0 0 0 0 0 0 0 0 0 0 0 0 0 0 0 0 0 0 0 0 0 0 0 0 0 0 0 0 0 0 0 0 0 0 0 0 0 -708.460712080705
0 0 0 0 0 0 -24.2686712574828 0 0 0 0 0 0 0 0 0 0 0 0 44.1198703570348 0 0 0 0 0 0 -10.2220972765845 0 -11.6041937435362 26.3092674788778 0 0 0 0 0 0 0 0 0 0 0 0 0 0 0 0 0 0 0 0 0 0 0 0 0 0 0 0 0 0 0 0 0 0 234.143052309939
0 0 0 0 0 0 0 0 0 0 0 0 0 0 0 0 0 0 0 0 0 0 0 -34.0686414117992 0 0 0 0 0 0 34.8382247561645 0 0 0 0 0 0 0 0 0 0 0 0 0 0 0 0 0 0 0 0 0 0 0 0 0 0 0 0 0 0 0 0 0 203.929414140664
0 0 0 0 0 0 0 0 0 0 0 0 0 0 0 0 0 0 0 0 0 -16.503377915252 0 0 0 0 0 0 0 0 0 0 0 0 0 0 0 0 0 0 0 0 0 0 0 0 0 0 0 0 0 0 0 0 0 0 0 0 0 0 0 0 0 0 -44.98430997824
0 0 0 0 0 0 0 0 13.3373842243152 0 0 0 0 0 0 0 0 0 0 0 -46.8768781982886 0 0 0 0 0 0 12.9981069347569 0 0 0 0 0 0 0 0 0 0 0 0 0 0 0 0 0 0 0 0 0 0 0 0 0 0 0 0 0 0 0 0 0 0 0 0 -41.7271831676213
0 0 0 27.8259111717947 0 0 0 0 0 0 0 0 0 -5.98879373301687 0 0 0 0 0 0 0 0 0 0 0 0 0 0 0 0 0 0 0 0 0 0 0 0 0 0 0 0 0 0 0 0 0 0 0 0 0 0 0 0 0 0 0 0 0 0 0 0 0 0 -37.9804294748024
0 0 0 0 0 0 0 0 0 0 0 -39.1343356960354 0 0 0 0 0 0 0 0 0 -41.6562651637437 0 12.4822447081287 0 0 0 0 0 0 0 0 0 0 0 0 0 0 0 0 0 0 0 0 0 0 0 0 0 0 0 0 0 0 0 0 0 0 0 0 0 0 0 0 -483.649367043369
0 0 0 0 -18.588559976331 0 0 0 0 0 0 0 0 34.9459556305598 0 0 0 0 -41.9410575235885 0 0 0 0 0 25.9612660581856 0 0 0 0 0 0 0 0 0 0 0 0 0 0 0 0 0 0 0 0 0 0 0 0 0 0 0 0 0 0 0 0 0 0 0 0 0 0 0 420.64655259851
0 0 0 0 0 0 0 0 0 0 0 0 0 19.3573713937202 0 0 0 0 0 0 0 0 0 20.386343326873 0 0 0 0 0 0 0 0 0 0 0 0 0 0 0 0 0 0 0 0 0 0 0 0 0 0 0 0 0 0 0 0 0 0 0 0 0 0 0 0 190.349803721505
0 -33.7899991270796 -17.2309838877763 0 0 25.2105442442172 -38.4338451560217 0 0 0 0 0 0 0 0 0 0 0 0 0 0 36.7498417636334 0 0 0 0 0 0 5.25680865552584 0 0 0 0 0 0 0 0 0 0 0 0 0 0 0 0 0 0 0 0 0 0 0 0 0 0 0 0 0 0 0 0 0 0 0 -206.48140712571
0 0 0 0 0 0 0 0 0 0 37.1504361555065 0 0 0 0 47.5111705173605 0 0 0 0 0 0 0 0 0 0 0 0 0 0 0 0 0 0 0 0 0 0 0 0 0 0 0 0 0 0 0 0 0 0 0 0 0 0 0 0 0 0 0 0 0 0 0 0 223.968826499765
0 0 0 0 11.8628648442677 0 0 0 0 0 0 0 0 0 0 -22.4617057904382 0 0 0 0 0 0 0 0 0 0 0 0 0 0 0 0 0 0 0 0 0 0 0 0 0 0 0 0 0 0 0 0 0 0 0 0 0 0 0 0 0 0 0 0 0 0 0 0 41.872817066928
0 0 0 0 0 0 0 0 0 -48.7755185369049 0 0 0 0 0 0 0 0 0 0 0 0 0 45.5379130730109 0 0 0 0 0 19.5018807922302 0 0 0 0 0 0 0 0 0 0 0 0 0 0 0 0 0 0 0 0 0 0 0 0 0 0 0 0 0 0 0 0 0 0 -397.217026169641
0 -34.8606972622836 0 0 0 0 0 0 0 0 0 0 0 0 0 0 0 0 0 0 0 13.4487831053808 -29.5642683072837 0 0 0 0 0 0 0 0 0 0 0 0 0 0 0 0 0 0 0 0 0 0 0 0 0 0 0 0 0 0 0 0 0 0 0 0 0 0 0 0 0 -522.907402180601
0 0 43.6055236396764 0 0 0 0 0 0 0 0 0 0 0 0 0 0 0 0 -27.256030638314 0 -34.8898799675704 0 0 48.6460506137707 0 0 0 0 0 46.2149600060187 36.044484348326 0 0 0 0 0 0 0 0 0 0 0 0 0 0 0 0 0 0 0 0 0 0 0 0 0 0 0 0 0 0 0 0 419.076145800718
0 0 -6.77578217696631 0 0 0 0 0 -2.06497006786629 0 0 0 0 0 0 0 0 0 31.4827462929237 0 0 0 0 0 0 0 0 0 0 0 0 0 0 0 0 0 0 0 0 0 0 0 0 0 0 0 0 0 0 0 0 0 0 0 0 0 0 0 0 0 0 0 0 0 59.6743878637609
0 0 0 0 0 0 0 0 0 0 0 0 0 0 0 0 0 0 0 -7.97362108199295 0 0 0 0 0 0 0 0 0 0 0 -49.3798402110538 0 0 0 0 0 0 0 0 0 0 0 0 0 0 0 0 0 0 0 0 0 0 0 0 0 0 0 0 0 0 0 0 -179.988757819058
0 0 -41.5353362098127 -4.6770064529967 46.2693208789286 0 0 0 0 -20.6229954428937 0 0 0 0 0 0 0 -16.7035377948563 0 0 0 0 22.0626186295303 0 0 -35.6239639659901 0 0 25.6308180617889 0 0 0 0 0 0 0 0 0 0 0 0 0 0 0 0 0 0 0 0 0 0 0 0 0 0 0 0 0 0 0 0 0 0 0 41.1708343061091
0 0 0 0 32.5096747861697 0 0 0 0 0 0 17.3240394136082 0 0 0 0 0 0 0 0 0 -28.8331798066662 0 0 0 0 0 0 0 0 0 0 0 0 0 0 0 0 0 0 0 0 0 0 0 0 0 0 0 0 0 0 0 0 0 0 0 0 0 0 0 0 0 0 201.103734425825
49.6928161654222 0 0 0 0 0 0 0 0 0 0 0 0 0 37.1916895676671 0 0 0 0 0 0 0 0 0 0 0 0 0 0 0 0 0 0 0 0 0 0 0 0 0 0 0 0 0 0 0 0 0 0 0 0 0 0 0 0 0 0 0 0 0 0 0 0 0 90.1452453457068
0 0 0 0 0 0 0 30.6598099143034 0 0 0 -0.2418916482267 0 0 0 2.86697215182014 -27.4090279327827 0 0 0 0 0 0 0 0 2.2806913258135 0 0 0 0 0 0 0 0 0 0 0 0 0 0 0 0 0 0 0 0 0 0 0 0 0 0 0 0 0 0 0 0 0 0 0 0 0 0 -166.256286712358
0 0 0 0 0 0 0 0 0 0 0 0 -27.4240799879981 0 0 0 0 -17.7360722485828 -28.4099929640924 0 0 0 0 0 0 0 0 0 0 0 0 0 0 0 0 0 0 0 0 0 0 0 0 0 0 0 0 0 0 0 0 0 0 0 0 0 0 0 0 0 0 0 0 0 -260.852500669911
-2.18630316891018 0 0 0 0 0 0 0 0 0 0 0 0 0 0 0 -0.15992933618213 0 0 0 0 0 0 0 0 0 0 0 0 0 0 33.3516008259408 0 0 0 0 0 0 0 0 0 0 0 0 0 0 0 0 0 0 0 0 0 0 0 0 0 0 0 0 0 0 0 0 65.0493201480514
0 0 0 0 0 0 0 0 0 0 0 -15.3966215418753 -45.6308403505344 0 0 30.4295347077181 0 0 18.0996085440988 0 0 0 32.3885883046352 0 0 0 0 0 0 -36.7456057437289 0 0 0 0 0 0 0 0 0 0 0 0 0 0 0 0 0 0 0 0 0 0 0 0 0 0 0 0 0 0 0 0 0 0 -144.163162153567
0 0 0 0 0 0 0 0 0 0 -44.463776341335 0 0 0 0 0 0 0 0 0 0 0 0 0 0 33.9518460490502 0 0 0 0 0 0 0 0 0 0 0 0 0 0 0 0 0 0 0 0 0 0 0 0 0 0 0 0 0 0 0 0 0 0 0 0 0 0 -45.7510060864103
0 0 0 0 0 0 0 0 28.9196106790777 0 0 0 0 0 0 0 0 0 0 0 0 0 0 0 0 0 0 0 48.9122625514489 0 0 0 0 0 0 0 0 0 0 0 0 0 0 0 0 0 0 0 0 0 0 0 0 0 0 0 0 0 0 0 0 0 0 0 309.067712438636
0 0 0 -47.161673201837 0 0 0 0 0 0 0 0 0 0 0 0 0 0 25.5970793930046 0 0 0 0 0 -33.4990382866578 0 0 0 0 0 0 0 0 0 0 0 0 0 0 0 0 0 0 0 0 0 0 0 0 0 0 0 0 0 0 0 0 0 0 0 0 0 0 0 -281.018948404529
0 0 0 0 0 0 0 0 0 -19.3012371572833 0 0 0 0 0 0 0 0 0 0 0 0 0 0 -13.6063932306117 0 0 0 0 0 0 0 0 0 0 0 0 0 0 0 0 0 0 0 0 0 0 0 0 0 0 0 0 0 0 0 0 0 0 0 0 0 0 0 -300.208442631008
0 0 0 0 0 0 0 0 0 -7.37379296250411 0 0 0 0 0 0 0 0 0 0 0 0 41.1933777552372 26.3024585736893 0 0 16.157056425233 0 0 0 0 0 0 0 0 0 0 0 0 0 0 0 0 0 0 0 0 0 0 0 0 0 0 0 0 0 0 0 0 0 0 0 0 0 480.428352789559
0 0 0 0 0 0 0 0 0 0 0 0 0 34.5344313327682 0 0 0 0 -43.7899253309344 0 0 0 0 0 0 0 0 0 0 -49.3300237452733 0 0 0 0 0 0 0 0 0 0 0 0 0 0 0 0 0 0 0 0 0 0 0 0 0 0 0 0 0 0 0 0 0 0 123.714214592278
0 0 0 0 0 0 -43.2700856468287 0 0 0 0 0 -42.0277711042032 39.2788107449404 0 0 -20.0608749223893 0 0 0 0 0 0 0 0 -38.3078055360157 0 -35.0791306038815 0 0 0 0 0 0 0 0 0 0 0 0 0 0 0 0 0 0 0 0 0 0 0 0 0 0 0 0 0 0 0 0 0 0 0 0 -595.051348217141
0 0 0 0 0 0 25.9699285221942 0 0 0 0 0 0 0 0 0 0 0 0 0 0 0 0 0 0 -9.29172790338595 0 0 12.7788890802778 0 0 0 0 0 0 0 0 0 0 0 0 0 0 0 0 0 0 0 0 0 0 0 0 0 0 0 0 0 0 0 0 0 0 0 129.451713635548
0 0 0 0 -42.3905161942178 0 0 20.8174744113054 0 0 0 0 0 0 0 0 0 0 0 0 0 0 0 0 0 0 0 0 0 0 0 0 0 0 0 0 0 0 0 0 0 0 0 0 0 0 0 0 0 0 0 0 0 0 0 0 0 0 0 0 0 0 0 0 -110.964701746051
0 0 0 0 39.7092605614358 0 0 0 0 0 -24.6727389883173 0 0 40.0364375336334 0 0 0 0 0 0 0 0 0 0 0 -33.8757769139123 0 0 0 0 0 0 0 0 0 0 0 0 0 0 0 0 0 0 0 0 0 0 0 0 0 0 0 0 0 0 0 0 0 0 0 0 0 0 157.440686695062
0 39.8326119434238 0 0 0 18.9730867448743 0 0 0 0 0 0 46.8659468089271 0 0 0 0 -9.17740136256162 0 0 0 0 0 0 0 0 0 0 0 42.3152278810757 0 0 0 0 0 0 0 0 0 0 0 0 0 0 0 0 0 0 0 0 0 0 0 0 0 0 0 0 0 0 0 0 0 0 727.704528722302
0 0 0 0 0 0 0 0 0 0 0 0 0 -17.2374277437967 0 0 0 0 0 0 0 0 0 0 0 0 0 0 0 0 0 0 0 0 0 0 0 0 0 0 0 0 0 0 0 0 0 0 0 0 0 0 0 0 0 0 0 0 0 0 0 0 0 0 -166.691077710407
0 0 -44.6066120822165 0 0 0 13.302893728409 0 -30.3741919265242 0 0 0 -47.4049433415399 8.06414074630566 0 0.993365939971091 0 13.6413676224867 0 31.5609720939682 0 29.171629202744 0 0 0 0 0 -8.24485976832688 0 0 0 0 0 0 0 0 0 0 0 0 0 0 0 0 0 0 0 0 0 0 0 0 0 0 0 0 0 0 0 0 0 0 0 0 265.366488565682
0 0 0 0 0 0 0 -22.086364890891 0 0 0 0 0 0 0 0 0 0 0 0 0 0 0 0 0 0 0 0 0 0 0 0 0 0 0 0 0 0 0 0 0 0 0 0 0 0 0 0 0 0 0 0 0 0 0 0 0 0 0 0 0 0 0 0 -41.3669502931424
0 0 0 0 0 0 0 0 0 0 0 15.7654239294506 0 0 0 0 2.21278202874465 0 0 0 0 0 0 0 0 0 0 0 0 0 0 0 0 0 0 0 0 0 0 0 0 0 0 0 0 0 0 0 0 0 0 0 0 0 0 0 0 0 0 0 0 0 0 0 168.954804245718
0 -45.9138824248883 0 0 17.7240738975251 0 0 0 0 0 -22.7146195627377 0 0 0 0 0 0 0 0 0 0 0 0 0 0 0 0 0 0 0 0 0 0 0 0 0 0 0 0 0 0 0 0 0 0 0 0 0 0 0 0 0 0 0 0 0 0 0 0 0 0 0 0 0 -441.810495765321
0 0 -13.4971450814725 0 0 0 0 0 0 0 0 30.7320975339503 0 0 45.0362815552978 0 0 0 0 0 0 0 0 0 0 0 0 0 0 0 -11.2497017759368 0 0 0 0 0 0 0 0 0 0 0 0 0 0 0 0 0 0 0 0 0 0 0 0 0 0 0 0 0 0 0 0 0 296.180120667078
47.5755557223288 0 0 0 0 0 0 0 0 0 0 0 -40.0511282445966 0 0 0 0 42.2638418712237 0 0 0 0 -49.6215582547956 0 0 0 0 0 0 0 0 0 0 0 0 0 0 0 0 0 0 0 0 0 0 0 0 0 0 0 0 0 0 0 0 0 0 0 0 0 0 0 0 0 -524.101439433332
31.8431057344017 0 0 0 0 0 0 0 0 0 0 0 0 0 0 0 0 0 0 0 0 0 0 0 0 0 0 0 0 0 0 0 0 0 0 0 0 0 0 0 0 0 0 0 0 0 0 0 0 0 0 0 0 0 0 0 0 0 0 0 0 0 0 0 19.1920010697077
0 0 0 0 0 0 0 0 0 0 0 0 0 37.3722374141323 0 0 0 0 0 27.863321363162 0 0 0 0 40.5755332487737 -14.7510532118863 0 0 0 0 0 0 0 0 0 0 0 0 0 0 0 0 0 0 0 0 0 0 0 0 0 0 0 0 0 0 0 0 0 0 0 0 0 0 903.341818900925
0 0 0 0 0 0 0 0 0 0 0 0 0 0 0 0 36.9232494097216 0 0 0 0 11.1620689952489 0 0 0 0 0 0 0 0 0 0 0 0 0 0 0 0 0 0 0 0 0 0 0 0 0 0 0 0 0 0 0 0 0 0 0 0 0 0 0 0 0 0 348.764264758507
0 0 0 49.9552272919605 0 -22.2500716184405 0 0 0 0 -20.5597180470637 0 0 0 0 0 0 0 0 0 0 36.6887513238829 0 0 0 0 0 0 0 0 0 0 0 0 0 0 0 0 0 0 0 0 0 0 0 0 0 0 0 0 0 0 0 0 0 0 0 0 0 0 0 0 0 0 -78.1579879517142
0 0 0 0 0 -16.7978358614004 0 0 0 0 0 0 0 -29.0727889107565 0 0 0 0 0 -3.76247697255117 0 9.13125294946737 0 0 0 0 0 0 0 0 0 0 0 0 0 0 0 0 0 0 0 0 0 0 0 0 0 0 0 0 0 0 0 0 0 0 0 0 0 0 0 0 0 0 -361.88058770628
0 0 0 0 0 -48.947882320612 0 0 0 0 0 -40.0209654775234 0 22.208407435515 0 -44.9608196657825 0 0 0 0 0 0 0 0 -17.4150276827023 0 0 0 0 0 0 0 0 0 0 0 0 0 0 0 0 0 0 0 0 0 0 0 0 0 0 0 0 0 0 0 0 0 0 0 0 0 0 0 -518.61438021808
0 0 -20.3969258699257 42.1328153373681 20.1264235549038 0 0 0 0 0 0 0 0 0 0 0 0 -39.9424425537596 0 0 0 0 0 0 -24.2987683342085 0 0 0 0 0 0 0 0 0 0 0 0 0 0 0 0 0 0 0 0 0 0 0 0 0 0 0 0 0 0 0 0 0 0 0 0 0 0 0 -243.819303981613
0 0 -28.4135872872435 0 0 -17.3811114072787 0 0 0 0 0 0 0 0 0 0 -14.7815857672819 0 0 0 0 0 0 0 0 34.4906089212339 0 0 0 0 0 0 0 0 0 0 0 0 0 0 0 0 0 0 0 0 0 0 0 0 0 0 0 0 0 0 0 0 0 0 0 0 0 0 24.9978448665509
0 -39.1413143168024 0 0 0 0 0 0 0 0 0 -36.0821249901559 0 -29.4069950984161 0 0 0 0 0 -45.4019271224206 0 0 0 0 0 0 0 0 7.31563176313599 0 0 0 0 0 0 0 0 0 0 0 0 0 0 0 0 0 0 0 0 0 0 0 0 0 0 0 0 0 0 0 0 0 0 0 -1350.67075679593
0 0 0 0 0 0 0 0 0 0 0 0 0 0 0 0 0 34.8886554125316 0 0 0 0 0 0 0 -18.2025292944172 0 0 0 -48.1781133899069 0 0 0 0 0 0 0 0 0 0 0 0 0 0 0 0 0 0 0 0 0 0 0 0 0 0 0 0 0 0 0 0 0 0 -129.440443076032
0 0 0 0 -7.99403766143114 0 0 0 0 0 0 0 18.705122788678 0 0 -35.3024576571185 0 0 0 0 0 0 0 -25.5822695403246 0 -29.8651011041048 0 0 0 0 0 0 0 0 0 0 0 0 0 0 0 0 0 0 0 0 0 0 0 0 0 0 0 0 0 0 0 0 0 0 0 0 0 0 -126.286488301692
0 0 0 0 0 0 0 0 0 -23.4528127734759 0 0 0 0 0 0 0 0 0 0 0 0 0 0 0 0 0 0 0 0 13.2427827172855 0 0 0 0 0 0 0 0 0 0 0 0 0 0 0 0 0 0 0 0 0 0 0 0 0 0 0 0 0 0 0 0 0 -138.582103238215
0 0 0 0 0 0 0 0 0 0 0 0 -19.930511691762 0 0 0 0 0 0 0 -11.9106447425374 0 0 0 0 0 0 0 0 10.0239598117343 0 0 0 0 0 0 0 0 0 0 0 0 0 0 0 0 0 0 0 0 0 0 0 0 0 0 0 0 0 0 0 0 0 0 -107.794559508224
0 0 0 0 0 0 0 0 0 0 -27.3262655978701 0 0 0 0 0 0 5.32308645355847 0 0 0 0 0 0 0 0 0 0 -17.6028009020591 0 0 0 0 0 0 0 0 0 0 0 0 0 0 0 0 0 0 0 0 0 0 0 0 0 0 0 0 0 0 0 0 0 0 0 -253.2360439134
0 0 0 0 0 0 0 0 0 21.5793527938752 0 0 0 0 0 0 0 0 -32.5276362536888 0 0 0 0 0 0 0 0 0 0 0 0 0 0 0 0 0 0 0 0 0 0 0 0 0 0 0 0 0 0 0 0 0 0 0 0 0 0 0 0 0 0 0 0 0 137.2016957417
0 0 0 0 0 0 0 0 0 0 0 0 0 0 0 0 0 0 0 0 0 40.2140006053063 0 0 0 0 0 0 0 0 0 0 0 0 0 0 0 0 0 0 0 0 0 0 0 0 0 0 0 0 0 0 0 0 0 0 0 0 0 0 0 0 0 0 109.613866808588
-27.6017261852828 -20.6215902940572 5.44312115287421 -1.73146166892556 5.19935943523327 -35.6419663696264 -18.7721894853596 58.0754027141744 -16.5950232286256 73.9442618457476 3.62837544919092 8.75273821100172 38.4245946709169 24.7388238739541 -8.08133343038212 83.82368220265 -36.2431306264753 -34.0218234406201 -25.0075363795473 -33.3056836902417 16.4432124069754 -35.3032209704484 70.2370837928646 41.725880028819 -44.5760703320605 -39.8654057265805 58.4975385322416 -52.3573158443179 -97.1790261537593 4.6039943928632 -37.3480258126155 -16.1605882682007 0 0 0 0 0 0 0 0 0 0 0 0 0 0 0 0 0 0 0 0 0 0 0 0 0 0 0 0 0 0 0 0 0
