0 0 0 0 0 0 0 0 0 0 0 0 0 0 0 0 0 0 0 0 -14.9272896423117 0 0 0 0 0 0 0 0 0 0 0 1 0 0 0 0 0 0 0 0 0 0 0 0 0 0 0 0 0 0 0 0 0 0 0 0 0 0 0 0 0 0 0 -25.8822204870612
0 0 0 0 43.9001561999887 0 0 0 37.5942811492984 0 0 0 0 5.01563428984222 0 0 0 0 0 12.2475086001227 0 0 0 0 8.70447045314168 0 0 0 0 0 0 0 0 1 0 0 0 0 0 0 0 0 0 0 0 0 0 0 0 0 0 0 0 0 0 0 0 0 0 0 0 0 0 0 554.725933526758
0 0 0 0 0 0 0 0 0 0 0 0 0 0 0 -29.2257707266972 0 0 0 0 0 0 0 0 0 0 0 0 0 0 0 0 0 0 1 0 0 0 0 0 0 0 0 0 0 0 0 0 0 0 0 0 0 0 0 0 0 0 0 0 0 0 0 0 -132.625877915534
0 0 0 0 0 0 0 0 0 0 -19.8753669720509 0 0 0 0 0 0 0 0 0 -2.90766514824093 0 0 0 0 0 0 -26.9511839788441 0 0 0 0 0 0 0 1 0 0 0 0 0 0 0 0 0 0 0 0 0 0 0 0 0 0 0 0 0 0 0 0 0 0 0 0 -248.472916282
0 34.4308792695389 0 0 0 -30.5235710432951 0 -27.4078219027601 0 0 0 0 0 0 0 0 -32.9291952852141 0 0 0 0 0 0 0 0 0 0 0 0 0 0 -27.2335702183446 0 0 0 0 1 0 0 0 0 0 0 0 0 0 0 0 0 0 0 0 0 0 0 0 0 0 0 0 0 0 0 0 -278.725453363488
0 0 0 0 0 0 0 -6.43013158961009 0 0 0 0 0 0 0 -18.8897713349587 0 0 0 0 0 0 0 0 0 42.3379642103244 0 0 0 -6.9792608670416 0 0 0 0 0 0 0 1 0 0 0 0 0 0 0 0 0 0 0 0 0 0 0 0 0 0 0 0 0 0 0 0 0 0 -13.0809902136128
0 0 0 0 0 0 0 0 0 0 0 0 0 0 0 0 0 0 0 0 -31.5183679875864 0 0 0 0 0 0 0 0 0 0 0 0 0 0 0 0 0 1 0 0 0 0 0 0 0 0 0 0 0 0 0 0 0 0 0 0 0 0 0 0 0 0 0 -54.6492611314207
0 0 0 0 0 40.4880968679893 0 0 0 0 0 0 47.9748378356085 0 0 0 0 0 0 0 0 0 0 0 0 0 0 0 0 0 0 0 0 0 0 0 0 0 0 1 0 0 0 0 0 0 0 0 0 0 0 0 0 0 0 0 0 0 0 0 0 0 0 0 505.947111368286
-6.11300268738968 0 0 0 -38.8880776559401 0 0 0 0 0 0 -24.1935304087933 -9.12801538874479 0 9.48960740086143 0 0 0 0 0 0 0 -23.7788252219155 0 0 0 0 0 10.2843089382083 0 0 0 0 0 0 0 0 0 0 0 1 0 0 0 0 0 0 0 0 0 0 0 0 0 0 0 0 0 0 0 0 0 0 0 -474.974397000302
0 0 0 0 0 0 0 0 0 0 0 0 0 0 0 0 0 0 0 0 21.1215780433683 0 0 0 0 0 0 0 0 0 0 0 0 0 0 0 0 0 0 0 0 1 0 0 0 0 0 0 0 0 0 0 0 0 0 0 0 0 0 0 0 0 0 0 36.6224112382447
0 0 0 -27.825326598276 -38.2582349144194 0 0 0 0 0 0 0 -20.3324126781673 0 0 0 0 0 0 0 0 0 0 0 0 0 0 0 0 0 0 0 0 0 0 0 0 0 0 0 0 0 1 0 0 0 0 0 0 0 0 0 0 0 0 0 0 0 0 0 0 0 0 0 -417.283157753618
0 0 0 0 0 0 0 0 0 0 0 0 0 0 0 0 0 0 0 0 0 0 0 -18.1221698074118 0 0 0 0 0 0 0 0 0 0 0 0 0 0 0 0 0 0 0 1 0 0 0 0 0 0 0 0 0 0 0 0 0 0 0 0 0 0 0 0 -145.587059218475
0 0 0 0 0 0 0 0 0 0 0 0 0 0 0 0 -7.58332402861928 0 0 0 0 0 0 0 0 0.785828466111815 0 0 0 -41.4484202909956 0 0 0 0 0 0 0 0 0 0 0 0 0 0 1 0 0 0 0 0 0 0 0 0 0 0 0 0 0 0 0 0 0 0 -289.937204822072
0 0 -23.7517765301667 0 0 0 0 0 0 0 0 0 0 0 0 0 0 0 0 0 0 0 0 0 0 0 0 0 0 0 0 0 0 0 0 0 0 0 0 0 0 0 0 0 0 1 0 0 0 0 0 0 0 0 0 0 0 0 0 0 0 0 0 0 -10.0781489583839
0 0 0 0 0 30.1014622769739 0 0 0 0 0 -47.0779722437854 0 0 0 0 0 0 0 0 0 0 0 0 0 0 0 0 0 0 0 0 0 0 0 0 0 0 0 0 0 0 0 0 0 0 1 0 0 0 0 0 0 0 0 0 0 0 0 0 0 0 0 0 -215.026830871851
0 0 0 42.8854139478045 0 0 0 0 0 23.0330862855453 0 0 0 0 0 0 0 0 0 0 0 0 0 0 0 -1.13910261964209 7.85250610234389 0 -26.2716420228479 0 0 0 0 0 0 0 0 0 0 0 0 0 0 0 0 0 0 1 0 0 0 0 0 0 0 0 0 0 0 0 0 0 0 0 -70.584558210944
0 0 0 -4.11511718200689 0 0 0 0 0 0 0 0 0 0 46.3088539286913 0 0 0 0 0 0 0 0 0 0 0 0 0 0 0 0 0 0 0 0 0 0 0 0 0 0 0 0 0 0 0 0 0 1 0 0 0 0 0 0 0 0 0 0 0 0 0 0 0 367.683852497053
0 0 0 0 0 4.6805718738968 0 0 0 0 0 0 0 0 0 0 0 0 2.11358308040015 0 0 0 0 -26.8405613291476 0 0 0 0 0 0 0 0 0 0 0 0 0 0 0 0 0 0 0 0 0 0 0 0 0 1 0 0 0 0 0 0 0 0 0 0 0 0 0 0 -209.335789960175
0 0 0 0 0 0 0 0 0 0 0 0 0 0 0 0 0 0 0 0 0 -1.11022560798331 0 0 12.406008817369 0 17.9135540865748 0 0 0 0 0 0 0 0 0 0 0 0 0 0 0 0 0 0 0 0 0 0 0 1 0 0 0 0 0 0 0 0 0 0 0 0 0 97.5439550942923
0 0 0 0 0 0 0 0 0 0 0 0 0 0 0 0 0 -10.4484784331407 0 0 0 0 0 0 0 0 0 0 0 0 0 0 0 0 0 0 0 0 0 0 0 0 0 0 0 0 0 0 0 0 0 1 0 0 0 0 0 0 0 0 0 0 0 0 -86.2327339183177
-13.2563351455523 0 0 0 0 0 0 48.7982003161633 -46.2261133760448 0 0 0 0 38.5168008202475 0 41.3286827639239 0 0 0 0 0 0 0 0 0 0 0 0 0 0 0 0 0 0 0 0 0 0 0 0 0 0 0 0 0 0 0 0 0 0 0 0 1 0 0 0 0 0 0 0 0 0 0 0 494.608621752619
0 0 29.6183873585212 0 0 0 0 0 0 0 0 0 0 0 0 0 0 0 0 0 0 0 0 0 0 0 0 0 0 0 -40.1287721344426 0 0 0 0 0 0 0 0 0 0 0 0 0 0 0 0 0 0 0 0 0 0 1 0 0 0 0 0 0 0 0 0 0 -104.602207451089
0 0 0 0 -23.8128816129284 -16.4643160037203 0 0 0 0 0 0 0 17.9727951377338 0 0 0 -36.344686264463 0 0 0 0 0 0 0 0 0 0 0 0 0 0 0 0 0 0 0 0 0 0 0 0 0 0 0 0 0 0 0 0 0 0 0 0 1 0 0 0 0 0 0 0 0 0 -323.461594724783
0 0 0 0 0 0 0 0 22.122749858174 0 0 0 0 0 0 0 0 0 0 0 0 0 0 0 0 0 0 0 0 0 0 0 0 0 0 0 0 0 0 0 0 0 0 0 0 0 0 0 0 0 0 0 0 0 0 1 0 0 0 0 0 0 0 0 159.823503895729
0 -39.3238138392759 15.375734866856 0 0 0 0 -0.582606336072988 0 27.9051723231275 0 0 21.5037078400694 0 0 0 0 0 0 0 0 0 0 0 40.3720560556316 0 0 0 0 0 0 0 0 0 0 0 0 0 0 0 0 0 0 0 0 0 0 0 0 0 0 0 0 0 0 0 1 0 0 0 0 0 0 0 9.04292996343063
0 0 39.0922504330789 -16.5836947262504 0 0 0 0 0 0 0 0 0 0 0 0 0 19.8745832334794 0 0 0 0 0 0 0 0 0 0 0 0 0 0 0 0 0 0 0 0 0 0 0 0 0 0 0 0 0 0 0 0 0 0 0 0 0 0 0 1 0 0 0 0 0 0 168.76666599284
0 -30.2190173314071 0 0 0 0 -46.9459053695363 0 0 24.4074260367462 0 0 0 0 0 0 0 0 0.00224355902008755 0 0 0 0 0 0 0 -2.00778588539395 0 0 0 0 0 0 0 0 0 0 0 0 0 0 0 0 0 0 0 0 0 0 0 0 0 0 0 0 0 0 0 1 0 0 0 0 0 -564.170822623787
0 0 0 0 0 0 0 0 0 0 0 0 0 0 0 0 0 0 0 0 0 0 0 0 0 0 40.4722238067363 0 0 0 0 0 0 0 0 0 0 0 0 0 0 0 0 0 0 0 0 0 0 0 0 0 0 0 0 0 0 0 0 1 0 0 0 0 213.238365306918
0 0 0 0 0 0 0 0 0 0 0 0 0 0 0 0 10.9866648422558 0 0 0 0 0 0 0 0 0 0 0 0 0 11.7666389588455 0 0 0 0 0 0 0 0 0 0 0 0 0 0 0 0 0 0 0 0 0 0 0 0 0 0 0 0 0 1 0 0 0 81.8621178334806
0 0 0 0 0 0 0 0 0 0 0 35.9442305646212 0 0 30.5489424529686 0 7.67215156146851 0 0 -31.7077530585086 -26.0067989431283 0 0 0 0 0 0 38.6511933076101 0 0 0 0 0 0 0 0 0 0 0 0 0 0 0 0 0 0 0 0 0 0 0 0 0 0 0 0 0 0 0 0 0 1 0 0 537.850826052824
0 0 -47.1325847535894 0 -1.00986114877761 0 0 0 0 0 0 -33.2072854317743 0 0 47.8680649641159 0 0 0 0 0 0 0 0 0 0 0 0 21.2694471678914 0 0 0.0471624154843031 0 0 0 0 0 0 0 0 0 0 0 0 0 0 0 0 0 0 0 0 0 0 0 0 0 0 0 0 0 0 0 1 0 274.413275379525
0 0 0 0 0 0 0 0 0 0 0 0 0 0 0 0 0 0 0 0 0 0 0 0 0 0 0 0 0 -2.89116254580607 0 0 0 0 0 0 0 0 0 0 0 0 0 0 0 0 0 0 0 0 0 0 0 0 0 0 0 0 0 0 0 0 0 1 -18.1557305585445
2.48728751902451 -3.78729034746367 0.8308132402664 8.39096866292431 40.4919269703604 -2.61892978037611 -17.3743547229388 -5.88784173365083 7.66190320401867 13.4080724268621 0 20.4636536966969 3.7140501830179 2.82206023449438 10.0995767508999 0 -3.20923845084921 10.0685568478404 -0.082574981116489 -9.08117910625466 -13.6935959045608 0 9.67524115661578 0.435968618573818 4.89759390510012 -0.216368497385776 0.748487985295157 20.1350583738592 -9.17473349073676 1.42065947630859 0.00147486375073194 -5.85040839278557 0 0 0 0 0 0 0 0 0 0 0 0 0 0 0 0 0 0 0 0 0 0 0 0 0 0 0 0 0 0 0 0 0
