0 0 0 0 0 0 0 33.2895669411102 0 0 0 0 0 0 35.8491003815999 0 0 0 0 0 0 0 19.7690056419038 0 0 0 0 0 0 0 0 0 0 0 0 0 0 0 0 0 0 0 -18.6060746435324 0 0 0 0 0 0 34.968333573815 37.1955113611668 0 0 0 0 0 0 0 0 -25.0092051558414 0 0 0 0 1 0 0 0 0 0 0 0 0 0 0 0 0 0 0 0 0 0 0 0 0 0 0 0 0 0 0 0 0 0 0 0 0 0 0 0 0 0 0 0 0 0 0 0 0 0 0 0 0 0 0 0 0 0 0 0 0 0 0 0 0 0 0 0 149.122573612323
0 0 0 0 0 0 0 0 43.983625369639 0 0 0 -48.0406377381804 0 0 0 0 0 0 0 0 0 -36.2429518470418 0 0 0 0 0 0 -33.5191847452878 0 0 0 0 0 0 0 0 0 0 0 -49.7932159989367 0 0 0 0.0900793239516196 0 0 0 0 0 0 0 0 0 37.4151649765364 0 0 0 0 0 0 0 0 0 1 0 0 0 0 0 0 0 0 0 0 0 0 0 0 0 0 0 0 0 0 0 0 0 0 0 0 0 0 0 0 0 0 0 0 0 0 0 0 0 0 0 0 0 0 0 0 0 0 0 0 0 0 0 0 0 0 0 0 0 0 0 0 -641.405205937042
0 0 0 0 0 0 0 0 0 0 -21.4830627791762 -22.7066778009755 0 0 0 0 0 0 0 0 0 0 -2.34572561078354 0 0 0 -40.2775323637332 0 18.2561738918173 0 0 0 0 0 0 0 0 0 38.2972160693073 0 0 42.0794274092381 0 0 0 0 0 0 0 0 0 0 46.3385193600784 36.3881884529758 39.7350096795002 0 -1.04930596863917 0 0 0 0 0 0 0 0 0 1 0 0 0 0 0 0 0 0 0 0 0 0 0 0 0 0 0 0 0 0 0 0 0 0 0 0 0 0 0 0 0 0 0 0 0 0 0 0 0 0 0 0 0 0 0 0 0 0 0 0 0 0 0 0 0 0 0 0 0 0 0 783.877231707397
0 0 0 0 0 0 0 0 0 0 0 0 0 0 -26.8979170015733 0 0 -12.5592666573313 0 0 0 0 -31.5197133347613 0 0 0 -16.6549533185656 0 0 0 0 0 0 0 0 2.2588328246759 0 0 28.8994180882178 0 0 0 0 0 0 10.3165287804941 0 0 0 0 0 0 0 0 0 0 0 -43.4440178832555 0 0 0 0 0 0 0 0 0 1 0 0 0 0 0 0 0 0 0 0 0 0 0 0 0 0 0 0 0 0 0 0 0 0 0 0 0 0 0 0 0 0 0 0 0 0 0 0 0 0 0 0 0 0 0 0 0 0 0 0 0 0 0 0 0 0 0 0 0 0 -455.637398495746
0 17.7437617021508 0 0 0 0 0 -44.7200843713987 0 0 0 0 -24.3215029907962 0 0 0 0 0 0 0 0 0 0 0 0 0 0 48.9153467689861 0 0 0 0 0 0 0 0 0 0 0 0 0 0 0 0 0 30.7803060842944 0 0 0 0 0 0 0 -25.0731811112156 0 0 -9.21565539406429 0 0 -32.1179743565657 0 0 0 0 0 0 0 0 1 0 0 0 0 0 0 0 0 0 0 0 0 0 0 0 0 0 0 0 0 0 0 0 0 0 0 0 0 0 0 0 0 0 0 0 0 0 0 0 0 0 0 0 0 0 0 0 0 0 0 0 0 0 0 0 0 0 0 0 -431.523720702846
0 0 0 0 0 0 0 0 0 0 0 0 0 0 0 0 0 0 0 20.9364703249112 0 0 0 36.5888318695648 0 0 0 0 0 0 0 0 0 0 0 0 0 0 0 0 0 0 0 0 0 0 0 0 0 0 0 -15.3567680859887 0 0 0 0 0 0 0 0 0 0 0 -20.4076067897336 0 0 0 0 0 1 0 0 0 0 0 0 0 0 0 0 0 0 0 0 0 0 0 0 0 0 0 0 0 0 0 0 0 0 0 0 0 0 0 0 0 0 0 0 0 0 0 0 0 0 0 0 0 0 0 0 0 0 0 0 0 0 0 0 -106.256250757319
0 0 0 0 0 0 0 0 0 0 0 0 0 0 0 0 -27.9051465600715 0 0 41.4869917442269 0 0 0 0 0 0 0 0 0 -14.1584093387099 -0.89408460058682 0 -27.4543673482861 0 0 0 19.6972964252704 0 0 0 0 0 0 0 0 0 0 0 0 30.9482289484455 0 0 0 0 0 0 0 0 0 0 5.62955767452039 0 -24.1600573106361 0 0 0 0 0 0 0 1 0 0 0 0 0 0 0 0 0 0 0 0 0 0 0 0 0 0 0 0 0 0 0 0 0 0 0 0 0 0 0 0 0 0 0 0 0 0 0 0 0 0 0 0 0 0 0 0 0 0 0 0 0 0 0 0 0 -514.986836807216
0 0 0 0 0 0 0 0 0 0 0 0 0 -27.0103962138588 0 0 0 0 0 0 0 0 0 0 0 0 0 0 0 0 0 0 0 0 -23.8056313219343 0 0 0 0 0 0 0 0 0 0 0 0 0 0 0 0 0 0 0 0 0 0 0 0 0 0 0 0 0 0 0 0 0 0 0 0 1 0 0 0 0 0 0 0 0 0 0 0 0 0 0 0 0 0 0 0 0 0 0 0 0 0 0 0 0 0 0 0 0 0 0 0 0 0 0 0 0 0 0 0 0 0 0 0 0 0 0 0 0 0 0 0 0 -318.351568957943
0 0 11.9434716660295 0 0 0 0 0 -41.0781037012212 0 0 0 -18.6216469394715 0 0 -22.4190782021094 0 0 0 0 0 0 0 0 0 0 0 0 0 -2.66717909780676 0 0 0 0 0 0 0 0 -43.4375484998304 0 0 0 0 0 28.1267157999725 0 0 0 0 -21.765934972927 43.5277663583135 0 0 0 0 41.5860386276711 0 0 0 0 0 0 0 0 0 0 0 0 0 0 0 0 1 0 0 0 0 0 0 0 0 0 0 0 0 0 0 0 0 0 0 0 0 0 0 0 0 0 0 0 0 0 0 0 0 0 0 0 0 0 0 0 0 0 0 0 0 0 0 0 0 0 0 0 0 0 0 0 -19.9849877504175
0 0 0 0 0 0 0 0 0 0 0 7.53714473447746 0 0 0 0 48.0684063326218 0 0 0 -23.8711927402719 -12.2772516751439 0 0 0 28.2334448547877 47.3374209024018 0 0 16.0615714208823 0 -40.8208593905237 0 0 0 0 0 0 0 0 0 0 0 0 0 0 0 0 0 0 0 0 0 0 0 28.0595583596313 0 0 0 0 0 0 0 0 0 0 0 0 0 0 0 0 0 1 0 0 0 0 0 0 0 0 0 0 0 0 0 0 0 0 0 0 0 0 0 0 0 0 0 0 0 0 0 0 0 0 0 0 0 0 0 0 0 0 0 0 0 0 0 0 0 0 0 0 0 0 0 0 348.836920417629
0 0 0 3.77824161382537 0 0 0 0 0 0 0 0 24.1233122442538 0 0 0 0 0 48.7300703932956 0 -31.995075379249 0 0 0 0 0 -39.2379402923131 0 4.71882601366189 0 0 0 0 0 0 0 0 0 0 0 0 0 0 0 0 0 0 -29.4725722958676 0 0 0 0 0 0 0 0 0 0 0 0 0 0 0 0 0 0 0 0 0 0 0 0 0 0 1 0 0 0 0 0 0 0 0 0 0 0 0 0 0 0 0 0 0 0 0 0 0 0 0 0 0 0 0 0 0 0 0 0 0 0 0 0 0 0 0 0 0 0 0 0 0 0 0 0 0 0 0 0 75.6157722257284
0 0 0 0 0 0 0 0 0 0 0 0 8.58307703993861 0 0 37.1363367013234 0 0 0 0 0 0 0 0 14.5038572578921 0 0 0 0 0 0 0 0 0 0 0 0 0 0 0 0 0 0 0 0 0 0 0 0 0 0 0 0 0 0 0 0 0 0 0 3.3623089382344 0 0 0 0 0 0 0 0 0 0 0 0 0 0 1 0 0 0 0 0 0 0 0 0 0 0 0 0 0 0 0 0 0 0 0 0 0 0 0 0 0 0 0 0 0 0 0 0 0 0 0 0 0 0 0 0 0 0 0 0 0 0 0 0 0 0 0 431.46734293758
0 0 -27.9725771978509 0 0 0 -19.960490796286 0 0 0 0 0 0 0 0 0 0 0 0 0 0 0 0 0 0 0 0 0 0 0 0 0 0 0 0 0 0 -13.2770301045879 0 0 0 0 0 0 0 0 0 0 0 0 0 0 0 0 0 0 0 0 0 0 0 0 0 0 0 0 0 0 0 0 0 0 0 0 0 0 1 0 0 0 0 0 0 0 0 0 0 0 0 0 0 0 0 0 0 0 0 0 0 0 0 0 0 0 0 0 0 0 0 0 0 0 0 0 0 0 0 0 0 0 0 0 0 0 0 0 0 0 -348.590298008648
0 0 0 0 0 0 0 0 0 0 0 0 0 0 0 0 0 0 0 0 0 0 0 0 0 0 0 32.8603359374599 0 0 0 0 0 0 32.5650804816437 0 0 0 0 0 0 0 0 0 0 0 0 0 0 0 0 0 0 0 0 0 0 0 0 0 0 7.34433929871549 0 0 0 0 0 0 0 0 0 0 0 0 0 0 0 1 0 0 0 0 0 0 0 0 0 0 0 0 0 0 0 0 0 0 0 0 0 0 0 0 0 0 0 0 0 0 0 0 0 0 0 0 0 0 0 0 0 0 0 0 0 0 0 0 0 0 209.355378734909
0 0 0 0 0 0 0 0 0 0 0 0 0 0 0 0 0 -49.070603845091 0 0 -6.82518773814379 0 0 0 0 0 0 0 0 14.9705213101633 0 0 0 -44.7721478887067 0 0 0 0 0 0 0 21.4186571370997 0 0 0 0 0 0 0 7.36980095289294 0 0 0 0 0 0 -40.1986861865157 0 0 0 0 0 0 6.41278287105384 0 0 0 0 0 0 0 0 0 0 0 0 0 0 1 0 0 0 0 0 0 0 0 0 0 0 0 0 0 0 0 0 0 0 0 0 0 0 0 0 0 0 0 0 0 0 0 0 0 0 0 0 0 0 0 0 0 0 0 0 0 0 0 0 -557.177315243841
0 0 0 -34.5915646479018 0 0 0 0 0 0 0 0 0 0 0 -4.53874778419369 0 0 0 0 0 0 0 0 0 0 0 0 0 0 0 0 0 0 0 0 0 22.6057490447348 0 0 0 -15.5439311096037 0 0 0 0 0 0 0 0 0 0 0 -20.2501930522911 0 0 0 0 0 0 0 0 0 -46.1941702059922 0 0 0 0 0 0 0 0 0 0 0 0 0 0 0 1 0 0 0 0 0 0 0 0 0 0 0 0 0 0 0 0 0 0 0 0 0 0 0 0 0 0 0 0 0 0 0 0 0 0 0 0 0 0 0 0 0 0 0 0 0 0 0 0 -649.098023787299
0 0 0 0 4.14741628467259 0 -28.1568475647886 0 0 0 0 0 0 0 0 0 47.0640189834296 0 0 0 0 0 0 0 0 0 0 0 -45.2627426982005 0 0 0 0 0 1.55568843804009 0 0 0 0 0 0 0 0 0 0 -49.6519011253439 0 0 0 0 0 0 0 27.1381624908928 0 0 0 0 0 0 0 0 0 0 0 0 0 0 0 0 0 0 0 0 0 0 0 0 0 0 1 0 0 0 0 0 0 0 0 0 0 0 0 0 0 0 0 0 0 0 0 0 0 0 0 0 0 0 0 0 0 0 0 0 0 0 0 0 0 0 0 0 0 0 0 0 0 0 -103.016977437987
0 0 0 0 0 0 0 0 0 0 0 0 0 -34.4704350296956 41.6137192257863 0 0 0 0 0 0 0 0 0 0 0 0 0 0 0 0 -12.6082226570167 0 0 0 -0.99301170599051 0 0 0 0 0 0 0 0 0 0 0 0 39.9173664789979 0 0 0 -24.8641870894746 0 9.43055890322081 0 0 0 0 0 0 31.7339936891625 0 0 0 0 0 0 0 0 0 0 0 0 0 0 0 0 0 0 0 1 0 0 0 0 0 0 0 0 0 0 0 0 0 0 0 0 0 0 0 0 0 0 0 0 0 0 0 0 0 0 0 0 0 0 0 0 0 0 0 0 0 0 0 0 0 0 135.566709003664
0 0 0 0 0 0 0 0 0 0 0 0 0 0 0 0 -38.6596414787474 0 0 0 0 0 0 0 0 3.56918312612782 0 0 32.0676710442518 0 0 14.1646357355449 0 0 0 0 7.68791836434841 0 17.7957059035972 0 0 0 0 0 0 0 0 0 0 0 0 0 0 0 0 0 0 0 0 46.6319128319269 0 0 0 0 0 0 0 0 0 0 0 0 0 0 0 0 0 0 0 0 0 0 1 0 0 0 0 0 0 0 0 0 0 0 0 0 0 0 0 0 0 0 0 0 0 0 0 0 0 0 0 0 0 0 0 0 0 0 0 0 0 0 0 0 0 0 0 0 297.105962973963
-44.547098658701 0 0 0 0 0 42.0378775428484 0 0 -20.1709091131974 0 0 0 0 0 0 0 0 0 0 8.87827411022062 0 0 0 0 0 0 0 0 0 0 0 0 0 0 0 0 0 0 -30.4374847343124 0 11.2120614060168 0 0 0 0 13.6351157549269 0 0 0 0 0 0 0 0 0 0 0 0 0 -23.0842168166322 0 0 0 0 0 0 0 0 0 0 0 0 0 0 0 0 0 0 0 0 0 0 1 0 0 0 0 0 0 0 0 0 0 0 0 0 0 0 0 0 0 0 0 0 0 0 0 0 0 0 0 0 0 0 0 0 0 0 0 0 0 0 0 0 0 0 0 -450.596487972594
0 0 0 -4.5863390814622 0 0 0 0 0 0 0 0 0 0 0 0 0 0 0 0 0 0 0 0 0 0 0 0 0 0 0 0 0 0 0 0 0 0 0 0 0 0 0 0 0 0 26.7405718446774 0 0 0 0 0 0 0 0 0 0 0 0 0 0 0 0 0 0 0 0 0 0 0 0 0 0 0 0 0 0 0 0 0 0 0 0 0 1 0 0 0 0 0 0 0 0 0 0 0 0 0 0 0 0 0 0 0 0 0 0 0 0 0 0 0 0 0 0 0 0 0 0 0 0 0 0 0 0 0 0 0 112.708555671244
0 0 0 0 31.2752439813707 0 0 0 0 0 0 0 -37.1306336361007 0 0 0 -6.77567554898382 0 0 0 0 0 0 0 0 0 0 0 0 0 0 0 0 0 0 0 0 0 0 0 0 0 0 0 0 0 0 0 45.3116799377891 0 0 0 0 0 0 -4.51133802129732 0 0 0 0 0 -41.5556410797802 0 0 0 0 0 0 0 0 0 0 0 0 0 0 0 0 0 0 0 0 0 0 0 1 0 0 0 0 0 0 0 0 0 0 0 0 0 0 0 0 0 0 0 0 0 0 0 0 0 0 0 0 0 0 0 0 0 0 0 0 0 0 0 0 0 0 -126.551863181251
0 0 0 0 0 0 0 0 0 0 0 0 0 0 0 12.3278702871206 0 0 0 0 0 0 0 0 0 32.1339063532168 0 0 0 14.9152016347798 0 0 0 0 0 0 0 -35.4199435958403 0 0 0 0 0 0 0 -14.3173756304068 0 -2.21817962357941 0 0 0 0 0 0 6.1716392414377 0 0 0 0 -31.7968384397129 0 0 27.4293969970786 0 0 0 0 0 0 0 0 0 0 0 0 0 0 0 0 0 0 0 0 0 0 0 1 0 0 0 0 0 0 0 0 0 0 0 0 0 0 0 0 0 0 0 0 0 0 0 0 0 0 0 0 0 0 0 0 0 0 0 0 0 0 0 0 0 -210.835178285384
0 0 0 0 0 0 0 6.9607058493636 0 0 0 0 0 0 0 0 0 0 0 0 0 49.4650508865751 0 0 0 0 0 0 49.1386555115383 0 0 0 0 0 0 0 0 0 0 0 0 0 0 0 0 0 0 0 0 0 43.9083175313355 -38.6095182497159 0 0 0 0 0 0 0 0 0 0 0 0 0 0 0 0 0 0 0 0 0 0 0 0 0 0 0 0 0 0 0 0 0 0 0 1 0 0 0 0 0 0 0 0 0 0 0 0 0 0 0 0 0 0 0 0 0 0 0 0 0 0 0 0 0 0 0 0 0 0 0 0 0 0 0 0 300.092678945188
0 0 0 0 -7.48523091573735 0 0 -28.8308043546157 39.0850268323799 0 0 0 0 0 0 0 0 0 0 0 0 0 0 0 3.67706801489706 -39.6165226746609 0 -24.7304200299238 0 0 0 0 0 0 0 0 0 0 0 0 0 0 0 0 0 0 0 39.006708362827 0 0 0 0 0 0 0 0 0 0 0 0 0 0 0 0 0 0 0 0 0 0 0 0 0 0 0 0 0 0 0 0 0 0 0 0 0 0 0 0 1 0 0 0 0 0 0 0 0 0 0 0 0 0 0 0 0 0 0 0 0 0 0 0 0 0 0 0 0 0 0 0 0 0 0 0 0 0 0 0 43.5744169153568
0 0 0 0 -24.1567568552119 34.9419862008898 0 0 0 0 0 0 0 0 0 0 -26.8072778661772 0 0 0 0 0 0 0 22.1337080812183 0 0 0 0 0 0 0 0 0 0 0 0 0 0 0 0 0 0 0 0 0 0 0 0 0 0 -34.6429840520862 0 0 0 0 0 -42.7274454169865 0 0 0 0 0 7.69426108542645 0 0 0 0 0 0 0 0 0 0 0 0 0 0 0 0 0 0 0 0 0 0 0 0 0 1 0 0 0 0 0 0 0 0 0 0 0 0 0 0 0 0 0 0 0 0 0 0 0 0 0 0 0 0 0 0 0 0 0 0 0 0 0 0 -281.935716064418
0 0 0 0 0 0 0 0 0 0 0 0 0 0 0 0 0 0 0 0 0 0 0 0 0 -15.5039944209267 0 0 0 0 0 0 0 0 0 0 0 0 0 0 0 0 0 0 0 0 0 0 43.5257029506676 0 0 0 0 0 0 0 0 0 0 0 0 0 0 0 0 0 0 0 0 0 0 0 0 0 0 0 0 0 0 0 0 0 0 0 0 0 0 0 0 0 1 0 0 0 0 0 0 0 0 0 0 0 0 0 0 0 0 0 0 0 0 0 0 0 0 0 0 0 0 0 0 0 0 0 0 0 0 0 235.278340475391
-45.9004841696714 0 0 0 0 38.9075778132342 0 0 0 0 0 0 0 0 0 0 0 0 -16.7993823668472 0 0 0 0 0 0 0 0 0 0 0 0 0 0 0 0 0 0 0 0 0 0 0 0 0 0 0 0 0 48.6372196502802 0 0 0 0 0 0 0 0 0 -24.8920363872797 0 0 0 0 0 0 0 0 0 0 0 0 0 0 0 0 0 0 0 0 0 0 0 0 0 0 0 0 0 0 0 0 1 0 0 0 0 0 0 0 0 0 0 0 0 0 0 0 0 0 0 0 0 0 0 0 0 0 0 0 0 0 0 0 0 0 0 0 0 159.819724123853
0 0 0 0 0 0 0 0 0 0 0 0 0 0 0 0 0 0 0 0 0 0 0 0 0 0 0 0 0 0 0 -46.4876472970427 0 0 0 0 0 0 0 0 0 0 0 0 0 0 0 0 0 0 0 0 0 0 0 36.9125779707363 0 0 0 0 0 10.4991061758136 0 0 0 0 0 0 0 0 0 0 0 0 0 0 0 0 0 0 0 0 0 0 0 0 0 0 0 0 0 0 1 0 0 0 0 0 0 0 0 0 0 0 0 0 0 0 0 0 0 0 0 0 0 0 0 0 0 0 0 0 0 0 0 0 0 0 -29.0271136356013
0 -1.9669436031045 0 0 0 0 0 0 0 0 0 0 0 0 0 0 0 0 0 -10.6344959068592 0 46.0278960261978 0 0 0 0 -46.7650163546728 0 0 0 0 0 -12.2182249307672 0 0 0 0 0 0 0 0 0 20.0639984796866 0 0 0 0 0 0 0 0 0 0 0 0 0 0 0 0 0 0 0 0 0 0 0 0 0 0 0 0 0 0 0 0 0 0 0 0 0 0 0 0 0 0 0 0 0 0 0 0 0 0 1 0 0 0 0 0 0 0 0 0 0 0 0 0 0 0 0 0 0 0 0 0 0 0 0 0 0 0 0 0 0 0 0 0 0 128.639249430203
0 0 0 0 0 0 0 0 0 0 -29.0093537904059 0 0 0 3.36529829354587 0 0 0 -14.0031306715626 0 0 0 0 0 0 0 0 0 0 0 21.31695248932 0 0 0 0 0 0 0 0 -49.3061144508664 0 0 0 0 0 0 0 0 0 0 0 0 0 0 13.957454984345 0 0 0 0 0 0 0 0 0 0 0 0 0 0 0 0 0 0 0 0 0 0 0 0 0 0 0 0 0 0 0 0 0 0 0 0 0 0 0 1 0 0 0 0 0 0 0 0 0 0 0 0 0 0 0 0 0 0 0 0 0 0 0 0 0 0 0 0 0 0 0 0 0 -66.1261538238602
0 0 0 0 0 0 0 0 0 0 0 0 0 0 0 0 0 0 0 0 0 0 0 0 0 0 0 0 0 0 0 -37.3745569378137 0 0 0 0 0 0 0 0 0 0 0 0 0 0 0 0 0 0 0 0 0 0 0 0 0 0 0 0 27.4541798654037 3.73608627722952 0 0 0 0 0 0 0 0 0 0 0 0 0 0 0 0 0 0 0 0 0 0 0 0 0 0 0 0 0 0 0 0 0 1 0 0 0 0 0 0 0 0 0 0 0 0 0 0 0 0 0 0 0 0 0 0 0 0 0 0 0 0 0 0 0 0 -53.2725209909334
0 0 0 0 0 0 0 0 0 0 0 0 9.31726723308607 0 0 0 0 0 0 0 0 0 0 0 0 0 0 0 0 0 0 -38.0688013568039 11.1830439063105 -1.06865515505292 0 0 0 0 0 0 0 0 0 0 0 0 0 0 0 0 0 0 -12.1345973574952 0 0 0 0 0 0 0 0 0 0 0 0 0 0 0 0 0 0 0 0 0 0 0 0 0 0 0 0 0 0 0 0 0 0 0 0 0 0 0 0 0 0 0 1 0 0 0 0 0 0 0 0 0 0 0 0 0 0 0 0 0 0 0 0 0 0 0 0 0 0 0 0 0 0 0 -110.550101625016
0 0 0 -48.8571432282472 0 0 0 0 0 0 0 0 0 0 0 0 0 0 0 0 35.9675071025165 0 0 0 0 0 0 0 0 39.1295637507026 0 0 0 0 0 0 0 25.441647875936 0 0 0 0 0 0 0 0 0 0 0 0 0 0 0 0 0 0 0 0 0 0 0 0 0 0 0 0 0 0 0 0 0 0 0 0 0 0 0 0 0 0 0 0 0 0 0 0 0 0 0 0 0 0 0 0 0 0 0 1 0 0 0 0 0 0 0 0 0 0 0 0 0 0 0 0 0 0 0 0 0 0 0 0 0 0 0 0 0 0 241.813474664299
0 0 0 0 0 0 0 0 0 0 0 29.9815487479122 -36.6438084332285 0 0 0 0 -22.5387411208834 0 0 0 0 43.6993229138408 0 49.5581707222901 0 45.1663024894767 0 0 0 0 0 0 0 0 0 0 0 0 0 0 0 0 0 0 0 0 0 0 0 0 0 0 0 0 0 0 0 0 0 0 0 0 0 0 0 0 0 0 0 0 0 0 0 0 0 0 0 0 0 0 0 0 0 0 0 0 0 0 0 0 0 0 0 0 0 0 0 1 0 0 0 0 0 0 0 0 0 0 0 0 0 0 0 0 0 0 0 0 0 0 0 0 0 0 0 0 0 502.043739520549
0 -0.0340817338599364 0 0 0 0 0 0 0 0 13.0173988465475 0 0 0 0 0 0 0 0 0 0 0 0 0 0 0 0 0 0 0 0 0 0 0 0 0 -48.1945841972284 0 0 0 0 0 0 0 0 0 0 -12.7838668482618 0 0 0 0 0 0 0 0 0 0 0 0 0 0 0 0 0 0 0 0 0 0 0 0 0 0 0 0 0 0 0 0 0 0 0 0 0 0 0 0 0 0 0 0 0 0 0 0 0 0 0 1 0 0 0 0 0 0 0 0 0 0 0 0 0 0 0 0 0 0 0 0 0 0 0 0 0 0 0 0 -81.534033676455
0 -49.0857464278591 0 0 0 4.67177155442123 0 -7.75248139558837 0 0 0 0 0 0 0 0 0 0 0 0 0 0 27.9029211235674 0 0 0 0 0 0 0 0 0 0 0 0 0 0 0 0 0 0 0 0 0 0 0 0 0 0 0 0 26.9317067478209 0 0 0 -35.1727312770615 -34.9617232777176 0 3.64213900954623 0 0 0 0 0 0 0 0 0 0 0 0 0 0 0 0 0 0 0 0 0 0 0 0 0 0 0 0 0 0 0 0 0 0 0 0 0 0 0 0 0 1 0 0 0 0 0 0 0 0 0 0 0 0 0 0 0 0 0 0 0 0 0 0 0 0 0 0 0 -186.695005256306
0 6.14564759173847 0 0 -18.7852711367301 0 0 -29.543407075086 0 0 0 0 11.9248770432321 0 0 0 0 -3.59465139556835 0 0 0 0 11.5326733731187 0 0 0 0 0 0 0 0 0 0 0 0 0 -49.3837424780997 -1.58477903530927 -15.6071808180168 0 0 0 0 0 0 0 0 0 0 0 0 0 0 0 0 0 0 0 0 -37.7142600401474 0 0 0 0 0 0 0 0 0 0 0 0 0 0 0 0 0 0 0 0 0 0 0 0 0 0 0 0 0 0 0 0 0 0 0 0 0 0 0 0 0 1 0 0 0 0 0 0 0 0 0 0 0 0 0 0 0 0 0 0 0 0 0 0 0 0 0 0 -405.752958220319
0 0 0 0 0 0 0 0 0 -2.00518809200134 0 0 0 -6.34752267521315 17.8000831591826 0 0 0 0 0 0 0 0 0 0 16.1846038922787 0 0 0 0 0 0 0 0 0 0 0 0 0 0 0 0 0 0 0 0 0 0 -36.7136701714409 0 0 0 0 -27.4441688588305 0 0 0 0 0 -36.6025181160482 0 0 0 0 0 0 0 0 0 0 0 0 0 0 0 0 0 0 0 0 0 0 0 0 0 0 0 0 0 0 0 0 0 0 0 0 0 0 0 0 0 0 1 0 0 0 0 0 0 0 0 0 0 0 0 0 0 0 0 0 0 0 0 0 0 0 0 0 -702.782246622946
0 0 0 3.66749241203108 0 0 0 0 0 0 -44.7683786058506 0 0 0 0 0 0 0 -24.4276595037046 0 0 0 0 0 0 0 0 0 0 0 0 0 0 0 0 -5.42530734323945 0 0 0 0 0 0 0 0 0 0 0 -29.7801422215966 38.6644649440683 0 7.28274291750149 0 0 0 0 0 0 10.7844665219801 0 0 0 0 0 0 0 0 0 0 0 0 0 0 0 0 0 0 0 0 0 0 0 0 0 0 0 0 0 0 0 0 0 0 0 0 0 0 0 0 0 0 0 0 0 1 0 0 0 0 0 0 0 0 0 0 0 0 0 0 0 0 0 0 0 0 0 0 0 0 48.1799713402181
0 0 0 0 0 0 0 0 0 0 0 0 0 0 0 0 0 0 0 0 0 0 0 0 0 0 0 0 0 0 0 2.49608217644128 0 0 0 0 0 0 14.2987662929204 0 0 -20.8834952714753 0 0 0 0 0 0 0 0 0 0 0 0 -17.4942930203864 0 0 0 29.9367874202156 0 0 0 0 28.192347876174 0 0 0 0 0 0 0 0 0 0 0 0 0 0 0 0 0 0 0 0 0 0 0 0 0 0 0 0 0 0 0 0 0 0 0 0 0 0 0 0 1 0 0 0 0 0 0 0 0 0 0 0 0 0 0 0 0 0 0 0 0 0 0 0 183.551874329658
12.998903999901 0 0 0 0 -5.09655283932061 0 0 0 0 0 0 0 0 0 0 0 0 0 0 0 -48.818356446511 0 0 0 0 0 0 0 0 0 0 0 0 0 0 0 0 0 0 -37.7672867503718 0 0 0 25.6831026611338 0 0 0 -5.85088782980234 0 21.1432410226403 0 0 0 0 0 0 0 0 0 0 0 0 0 0 0 0 0 0 0 0 0 0 0 0 0 0 0 0 0 0 0 0 0 0 0 0 0 0 0 0 0 0 0 0 0 0 0 0 0 0 0 0 0 0 1 0 0 0 0 0 0 0 0 0 0 0 0 0 0 0 0 0 0 0 0 0 0 -315.763714935137
0 0 45.8222654036736 0 0 0 0 0 0 0 0 0 0 -24.4473785402605 0 0 0 0 -38.9140298977815 0 0 0 0 -11.007138067954 0 0 0 0 0 0 0 0 0 0 0 0 0 0 0 -25.0624176729681 0 0 0 0 -26.658006881108 0 0 0 0 2.12825954765116 0 0 0 0 0 0 0 0 0 0 0 0 0 0 0 0 0 0 0 0 0 0 0 0 0 0 0 0 0 0 0 0 0 0 0 0 0 0 0 0 0 0 0 0 0 0 0 0 0 0 0 0 0 0 0 0 1 0 0 0 0 0 0 0 0 0 0 0 0 0 0 0 0 0 0 0 0 0 -429.756310322374
0 0 0 0 0 0 0 0 0 0 0 0 0 0 0 0 0 0 0 0 0 0 0 0 0 0 0 0 0 0 0 0 0 0 0 0 0 0 0 0 0 0 0 0 0 0 0 0 0 0 0 0 0 0 0 0 0 0 0 0 0 0 0 0 0 0 0 0 0 0 0 0 0 0 0 0 0 0 0 0 0 0 0 0 0 0 0 0 0 0 0 0 0 0 0 0 0 0 0 0 0 0 0 0 0 0 0 1 0 0 0 0 0 0 0 0 0 0 0 0 0 0 0 0 0 0 0 0 0
0 0 0 0 0 0 0 0 0 0 0 0 0 0 0 0 0 0 0 0 0 0 0 0 0 0 0 -11.8631938296407 0 0 0 0 0 0 0 0 0 0 0 0 0 0 0 -21.9006594681418 0 0 0 0 0 0 0 3.30717042723528 0 0 0 0 0 0 0 0 0 13.7648144464506 0 0 0 0 0 0 0 0 0 0 0 0 0 0 0 0 0 0 0 0 0 0 0 0 0 0 0 0 0 0 0 0 0 0 0 0 0 0 0 0 0 0 0 0 0 0 1 0 0 0 0 0 0 0 0 0 0 0 0 0 0 0 0 0 0 0 -79.1609451651131
0 0 0 0 -29.8426162626089 0 0 0 0 0 0 0 0 0 0 0 0 0 0 -3.74483711375849 0 0 0 0 0 0 -39.4538616632752 0 0 0 -14.6157017914397 0 0 0 0 0 0 0 0 0 16.8115804662829 0 0 0 0 -2.97068821973019 0 0 0 0 -31.272149736363 0 0 0 0 0 -47.0341886114167 0 0 0 2.43418621155854 0 0 0 0 0 0 0 0 0 0 0 0 0 0 0 0 0 0 0 0 0 0 0 0 0 0 0 0 0 0 0 0 0 0 0 0 0 0 0 0 0 0 0 0 0 0 0 0 1 0 0 0 0 0 0 0 0 0 0 0 0 0 0 0 0 0 0 -440.424335817098
0 0 0 0 0 0 0 0 0 0 -11.6019206543202 0 0 0 0 0 0 0 0 0 0 0 0 0 0 0 0 0 0 0 0 0 0 5.25274924566521 0 0 0 0 0 0 0 44.3235160724177 0 0 5.87627504413031 0 0 0 0 0 0 -39.767606295855 0 0 0 0 0 0 0 0 -27.6691536778953 0 0 0 0 0 0 0 0 0 0 0 0 0 0 0 0 0 0 0 0 0 0 0 0 0 0 0 0 0 0 0 0 0 0 0 0 0 0 0 0 0 0 0 0 0 0 0 0 0 1 0 0 0 0 0 0 0 0 0 0 0 0 0 0 0 0 0 2.47477182112522
0 0 0 0 0 0 0 0 0 0 0 26.2049541006939 0 0 0 0 0 -44.490577277491 0 0 0 14.8109950715644 0 0 0 0 0 0 0 0 0 0 0 0 0 -33.1498836826243 0 0 0 0 0 0 0 0 0 1.56450164315555 0 0 0 0 0 0 0 0 0 0 0 0 0 -21.8038023854704 0 0 0 0 0 0 0 0 0 0 0 0 0 0 0 0 0 0 0 0 0 0 0 0 0 0 0 0 0 0 0 0 0 0 0 0 0 0 0 0 0 0 0 0 0 0 0 0 0 0 0 1 0 0 0 0 0 0 0 0 0 0 0 0 0 0 0 0 -271.967197085418
0 0 0 0 14.9639610420125 0 0 0 0 0 0 0 0 0 0 0 0 0 -11.2866008280652 0 0 0 0 0 0 0 0 0 0 0 0 0 0 0 0 0 0 0 0 -8.89389892016867 0 0 0 0 0 0 0 0 0 -43.3458843152285 0 -12.0432506216676 0 2.8065858534459 0 0 0 0 0 0 0 0 0 0 0 0 0 0 0 0 0 0 0 0 0 0 0 0 0 0 0 0 0 0 0 0 0 0 0 0 0 0 0 0 0 0 0 0 0 0 0 0 0 0 0 0 0 0 0 0 0 0 1 0 0 0 0 0 0 0 0 0 0 0 0 0 0 0 -52.7093532935258
0 0 0 0 -4.66251578385286 0 0 0 0 0 0 0 0 0 0 0 0 0 0 0 0 0 0 0 9.03232200493791 46.7135718642255 0 0 0 0 0 0 -40.6144799161669 0 0 0 -44.1797628385787 0 0 0 36.7504454393555 0 0 19.5687321261003 0 34.6222925781753 0 0 0 0 0 0 0 9.97821367292845 0 0 0 0 0 0 0 0 0 0 0 0 0 0 0 0 0 0 0 0 0 0 0 0 0 0 0 0 0 0 0 0 0 0 0 0 0 0 0 0 0 0 0 0 0 0 0 0 0 0 0 0 0 0 0 0 0 0 0 1 0 0 0 0 0 0 0 0 0 0 0 0 0 0 612.127597017767
0 0 0 28.8177358942775 0 0 0 0 0 0 0 0 0 -13.9545073486485 0 0 0 0 0 0 0 0 0 0 0 0 0 0 0 0 0 0 0 0 0 0 0 0 0 0 0 39.7662947364006 0 0 0 0 0 0 0 0 0 0 0 0 0 0 0 0 0 0 0 0 0 0 0 0 0 0 0 0 0 0 0 0 0 0 0 0 0 0 0 0 0 0 0 0 0 0 0 0 0 0 0 0 0 0 0 0 0 0 0 0 0 0 0 0 0 0 0 0 0 0 0 0 1 0 0 0 0 0 0 0 0 0 0 0 0 0 232.854451565894
0 0 0 0 0 0 0 0 0 0 -37.2497105367235 0 0 7.54403318533455 0 0 0 0 0 0 22.1017434426772 0 0 0 0 0 0 0 0 21.8665893013083 0 0 0 0 0 0 0 0 0 0 0 0 0 21.1105071400687 0 0 0 28.9121489932452 0 0 0 0 0 0 0 0 0 0 0 0 0 0 -0.873111215216082 0 0 0 0 0 0 0 0 0 0 0 0 0 0 0 0 0 0 0 0 0 0 0 0 0 0 0 0 0 0 0 0 0 0 0 0 0 0 0 0 0 0 0 0 0 0 0 0 0 0 0 0 1 0 0 0 0 0 0 0 0 0 0 0 0 436.22372812412
0 0 0 -13.2648122736995 0 0 0 0 0 0 0 0 0 0 0 0 0 0 0 0 0 0 0 0 0 0 0 28.5731261298605 -41.2340395665058 0 0 0 -8.06439760249322 0 0 0 0 0 0 0 0 49.9383106200734 0 8.06111040272849 0 0 0 0 0 0 26.2010207524765 0 0 0 0 0 0 0 0 0 0 0 0 0 0 0 0 0 0 0 0 0 0 0 0 0 0 0 0 0 0 0 0 0 0 0 0 0 0 0 0 0 0 0 0 0 0 0 0 0 0 0 0 0 0 0 0 0 0 0 0 0 0 0 0 0 1 0 0 0 0 0 0 0 0 0 0 0 233.536713831173
0 0 0 0 0 0 0 -12.6677417589547 0 0 0 0 0 0 0 5.15068566716766 0 0 0 0 0 0 40.6677323336642 0 0 0 0 0 40.8413315515307 0 0 0 0 0 0 -4.74803286421561 0 0 0 0 0 0 0 -45.1305225742993 0 0 0 0 0 0 0 0 0 0 0 0 0 0 0 24.8697780502601 0 0 0 0 0 0 0 0 0 0 0 0 0 0 0 0 0 0 0 0 0 0 0 0 0 0 0 0 0 0 0 0 0 0 0 0 0 0 0 0 0 0 0 0 0 0 0 0 0 0 0 0 0 0 0 0 0 1 0 0 0 0 0 0 0 0 0 0 74.9547069307932
0 0 0 0 0 0 0 0 0 0 0 0 0 0 0 0 0 0 0 0 0 0 0 0 0 0 2.50409544610328 0 -27.2523805905961 0 0 0 0 0 0 29.9556147202865 0 0 0 -17.5971077445192 0 0 0 0 0 0 0 0 0 0 0 0 0 0 0 0 0 0 0 0 31.0048556597537 0 49.8480788995217 0 0 0 0 0 0 0 0 0 0 0 0 0 0 0 0 0 0 0 0 0 0 0 0 0 0 0 0 0 0 0 0 0 0 0 0 0 0 0 0 0 0 0 0 0 0 0 0 0 0 0 0 0 0 0 1 0 0 0 0 0 0 0 0 0 603.256466636403
0 0 0 0 0 0 0 0 0 37.1772803717185 0 0 0 0 0 0 0 0 0 -17.1642528193708 0 0 15.2963712604178 0 0 0 0 0 0 0 0 0 0 0 -24.6926130236192 0 0 0 0 42.8945537322759 0 -6.00077101487347 0 0 0 0 0 0 0 0 1.64604496379493 0 0 0 0 0 0 0 0 0 0 0 0 0 0 0 0 0 0 0 0 0 0 0 0 0 0 0 0 0 0 0 0 0 0 0 0 0 0 0 0 0 0 0 0 0 0 0 0 0 0 0 0 0 0 0 0 0 0 0 0 0 0 0 0 0 0 0 0 1 0 0 0 0 0 0 0 0 414.545394644338
0 0 0 0 0 0 0 0 0 0 0 0 0 -39.5399146735581 19.9791157459289 0 0 0 0 0 0 0 0 0 0 0 0 0 0 0 10.6629229194984 2.43097795399491 0 0 0 15.2841740228749 48.9338533988943 0 0 0 0 0 0 0 0 0 0 29.5481389356813 0 0 0 0 0 0 0 0 0 0 0 0 0 0 0 0 0 0 0 0 0 0 0 0 0 0 0 0 0 0 0 0 0 0 0 0 0 0 0 0 0 0 0 0 0 0 0 0 0 0 0 0 0 0 0 0 0 0 0 0 0 0 0 0 0 0 0 0 0 0 0 0 1 0 0 0 0 0 0 0 95.114291132724
0 0 0 14.4338608442863 0 0 0 0 0 0 0 0 38.3947103756438 0 0 0 0 0 -28.4896035667546 0 0 -7.54201705590827 0 0 0 0 0 0 0 0 0 0 0 0 46.9938334043709 15.8144237694645 0 0 0 0 9.77831531322183 0 0 -18.9136660234414 0 0 0 0 0 0 0 0 0 0 0 0 0 0 0 0 -49.1816167701623 0 0 0 0 0 0 0 0 0 0 0 0 0 0 0 0 0 0 0 0 0 0 0 0 0 0 0 0 0 0 0 0 0 0 0 0 0 0 0 0 0 0 0 0 0 0 0 0 0 0 0 0 0 0 0 0 0 0 0 0 1 0 0 0 0 0 0 152.122132142088
0 0 0 0 0 0 0 0 0 0 0 0 0 0 0 0 0 0 0 0 0 0 0 0 0 0 0 0 0 0 0 0 48.4868567633625 0 -28.1585015625378 0 0 0 0 0 0 0 0 0 0 0 0 23.2485380162886 0 30.1370089718222 0 0 0 0 10.0489147024106 0 0 0 0 0 0 0 0 0 0 0 0 0 0 0 0 0 0 0 0 0 0 0 0 0 0 0 0 0 0 0 0 0 0 0 0 0 0 0 0 0 0 0 0 0 0 0 0 0 0 0 0 0 0 0 0 0 0 0 0 0 0 0 0 0 0 0 1 0 0 0 0 0 535.732366919714
0 0 0 0 0 -35.1042530248733 0 0 0 0 0 0 0 0 -33.4832720700947 0 0 0 0 0 0 0 0 0 0 0 0 0 0 0 0 0 0 0 0 -14.974632893106 0 20.307566666469 0 0 0 0 0 0 0 0 0 0 0 0 0 -49.6043375652169 0 0 0 0 0 0 0 0 0 0 -34.7307762855718 0 0 0 0 0 0 0 0 0 0 0 0 0 0 0 0 0 0 0 0 0 0 0 0 0 0 0 0 0 0 0 0 0 0 0 0 0 0 0 0 0 0 0 0 0 0 0 0 0 0 0 0 0 0 0 0 0 0 0 0 1 0 0 0 0 -680.957207716097
45.2830712434482 49.2496670291423 0 0 0 0 0 0 0 0 -13.8832387468158 -17.1029389606217 0 0 0 11.8195356335919 0 0 0 0.900864031333037 0 6.8125940901132 0 0 0 0 0 0 0 40.6711127349287 16.0921011186304 0 0 0 0 0 0 0 0 0 0 0 0 0 0 0 0 0 0 0 0 0 0 28.621193733837 0 0 0 0 0 0 0 0 0 0 0 0 0 0 0 0 0 0 0 0 0 0 0 0 0 0 0 0 0 0 0 0 0 0 0 0 0 0 0 0 0 0 0 0 0 0 0 0 0 0 0 0 0 0 0 0 0 0 0 0 0 0 0 0 0 0 0 0 0 0 1 0 0 0 973.884742240197
0 -22.8909582066538 0 0 0 0 0 0 0 0 0 0 0 0 0 0 -31.7738826537351 0 33.7113473917138 0 0 0 0 0 0 0 0 0 0 0 0 0 0 0 0 0 0 -45.0803797306543 0 0 0 0 0 0 0 0 0 0 -36.9078559609622 0 0 -20.1942981401941 0 6.64548850270735 0 0 0 0 -5.57138976397367 0 0 0 0 0 0 0 0 0 0 0 0 0 0 0 0 0 0 0 0 0 0 0 0 0 0 0 0 0 0 0 0 0 0 0 0 0 0 0 0 0 0 0 0 0 0 0 0 0 0 0 0 0 0 0 0 0 0 0 0 0 0 0 0 0 0 1 0 0 -848.249637684994
0 0 0 0 0 0 0 42.6064076772094 0 0 0 0 0 49.9227915684904 0 0 0 0 0 0 0 0 0 0 0 0 0 0 10.1438195698498 0 0 0 0 0 0 0 0 0 0 0 0 0 0 0 31.1041813245608 0 0 31.5140621317031 0 0 0 0 -43.8325872711307 0 0 0 0 -29.3891099682367 0 0 0 0 0 0 0 0 0 0 0 0 0 0 0 0 0 0 0 0 0 0 0 0 0 0 0 0 0 0 0 0 0 0 0 0 0 0 0 0 0 0 0 0 0 0 0 0 0 0 0 0 0 0 0 0 0 0 0 0 0 0 0 0 0 0 0 0 1 0 619.284330533003
-15.0714946705793 0 0 0 0 0 0 -28.9103480622461 0 0 0 0 0 0 0 0 0 -28.6339127311643 0 0 0 0 0 0 0 0 0 0 -17.0793935823448 0 0 0 0 0 0 0 0 -22.5322524340949 0 0 0 0 0 23.254784395317 0 0 0 0 20.7398758267735 0 0 0 0 0 0 0 0 -21.3151451733364 0 0 0 0 0 0 0 0 0 0 0 0 0 0 0 0 0 0 0 0 0 0 0 0 0 0 0 0 0 0 0 0 0 0 0 0 0 0 0 0 0 0 0 0 0 0 0 0 0 0 0 0 0 0 0 0 0 0 0 0 0 0 0 0 0 0 0 0 0 1 -441.361382876318
0 0 0 0 0 -49.3556132771708 0 0 0 0 0 0 0 0 0 0 -19.2434884596766 0 0 0 0 0 0 0 0 0 0 0 0 0 0 0 0 0 0 -15.9932674100254 0 0 0 0 0 0 0 0 0 0 0 0 0 -5.60681316708825 0 0 0 -30.0976905889494 0 0 0 0 0 0 0 0 0 0 0 0 0 0 0 0 0 0 0 0 0 0 0 0 0 0 0 0 0 0 0 0 0 0 0 0 0 0 0 0 0 0 0 0 0 0 0 0 0 0 0 0 0 0 0 0 0 0 0 0 0 0 0 0 0 0 0 0 0 0 0 0 0 0 -803.993157827764
0 0 0 -13.0579817502487 0 0 0 24.7317438205458 0 0 0 0 0 0 0 0 0 0 0 0 0 0 -18.0983696517327 0 0 0 47.8274498601958 0 0 0 0 45.9753343499473 0 0 0 0 0 0 0 0 0 0 0 0 0 0 0 34.7585716708868 0 0 0 0 0 0 0 0 0 0 0 0 0 0 0 0 0 0 0 0 0 0 0 0 0 0 0 0 0 0 0 0 0 0 0 0 0 0 0 0 0 0 0 0 0 0 0 0 0 0 0 0 0 0 0 0 0 0 0 0 0 0 0 0 0 0 0 0 0 0 0 0 0 0 0 0 0 0 0 0 540.439594286224
0 0 0 8.88333641485608 0 0 0 0 -39.0657203441375 0 -30.6637328369476 0 -0.575680283812496 0 -41.0928709426675 0 0 42.9819824113415 0 0 0 36.7833980212602 0 0 0 0 0 0 0 0 18.9340564711984 0 0 0 0 0 0 0 0 0 0 -17.9865847384538 0 0 0 0 0 0 0 0 -20.5922008181844 0 0 0 0 0 0 0 10.0964317330709 0 0 0 0 0 0 0 0 0 0 0 0 0 0 0 0 0 0 0 0 0 0 0 0 0 0 0 0 0 0 0 0 0 0 0 0 0 0 0 0 0 0 0 0 0 0 0 0 0 0 0 0 0 0 0 0 0 0 0 0 0 0 0 0 0 0 0 0 0 304.904888274458
0 0 0 -23.705117827477 0 0 0 0 0 -19.2098984244131 0 0 0 0 0 -21.0287500541231 0 0 0 0 0 0 0 0 0 0 0 0 0 0 0 0 0 0 39.8047204623099 0 41.7839483875308 0 0 0 0 0 1.7068588880929 -0.522819916020978 0 0 0 0 0 0 0 0 0 0 0 0 0 0 38.0507909437854 0 0 0 0 0 0 0 0 0 0 0 0 0 0 0 0 0 0 0 0 0 0 0 0 0 0 0 0 0 0 0 0 0 0 0 0 0 0 0 0 0 0 0 0 0 0 0 0 0 0 0 0 0 0 0 0 0 0 0 0 0 0 0 0 0 0 0 0 0 -58.7827701529149
0 11.6304383693508 0 0 0 0 -35.5102335182075 0 0 0 0 0 0 0 0 0 0 0 0 0 0 0 0 0 0 0 0 0 0 0 0 0 0 0 0 0 0 0 0 0 0 0 0 0 0 0 0 0 0 0 0 0 0 0 0 0 0 0 0 0 0 0 0 0 0 0 0 0 0 0 0 0 0 0 0 0 0 0 0 0 0 0 0 0 0 0 0 0 0 0 0 0 0 0 0 0 0 0 0 0 0 0 0 0 0 0 0 0 0 0 0 0 0 0 0 0 0 0 0 0 0 0 0 0 0 0 0 0 -88.1472581398751
0 0 0 0 0 0 0 0 0 0 0 0 0 0 0 0 0 0 0 0 0 0 0 0 0 0 0 0 -38.8835137636289 0 0 0 -35.2511629308104 0 0 0 0 0 0 0 0 0 0 0 0 46.4113582144602 0 0 0 0 0 0 -0.928978764563992 0 0 0 0 0 0 0 0 0 0 0 0 0 0 0 0 0 0 0 0 0 0 0 0 0 0 0 0 0 0 0 0 0 0 0 0 0 0 0 0 0 0 0 0 0 0 0 0 0 0 0 0 0 0 0 0 0 0 0 0 0 0 0 0 0 0 0 0 0 0 0 0 0 0 0 77.4895606252237
0 0 0 0 0 0 0 0 13.0192977315121 0 0 0 0 -10.5171460909131 0 0 0 0 0 0 0 0 0 0 0 0 0 0 29.1275043409399 0 0 0 0 18.9438791194826 21.0218459699391 0 0 -38.3930164535755 0 43.581750287945 0 0 0 0 0 -17.7496943083323 0 0 0 0 0 0 0 0 0 0 0 0 0 0 47.6709480453351 0 0 0 0 0 0 0 0 0 0 0 0 0 0 0 0 0 0 0 0 0 0 0 0 0 0 0 0 0 0 0 0 0 0 0 0 0 0 0 0 0 0 0 0 0 0 0 0 0 0 0 0 0 0 0 0 0 0 0 0 0 0 0 0 0 0 0 275.407114663711
0 0 0 1.46538981992439 0 0 0 0 0 0 0 0 0 0 0 0 0 1.22199631415746 0 0 0 0 0 0 0 0 0 0 0 0 0 0 0 0 0 0 0 0 0 0 0 0 0 0 0 0 0 0 0 0 0 0 0 0 0 0 0 0 0 0 0 0 0 0 0 0 0 0 0 0 0 0 0 0 0 0 0 0 0 0 0 0 0 0 0 0 0 0 0 0 0 0 0 0 0 0 0 0 0 0 0 0 0 0 0 0 0 0 0 0 0 0 0 0 0 0 0 0 0 0 0 0 0 0 0 0 0 0 12.0559731941831
0 0 0 0 0 0 0 0 0 0 0 0 0 0 0 0 0 0 0 0 0 0 0 0 0 0 -38.2055803088794 0 0 0 0 0 0 0 0 0 0 0 0 0 0 0 0 14.2326279062884 0 0 0 0 0 0 0 0 0 0 0 0 0 0 0 0 0 0 0 0 0 0 0 0 0 0 0 0 0 0 0 0 0 0 0 0 0 0 0 0 0 0 0 0 0 0 0 0 0 0 0 0 0 0 0 0 0 0 0 0 0 0 0 0 0 0 0 0 0 0 0 0 0 0 0 0 0 0 0 0 0 0 0 0 18.6478626338743
0 0 0 0 0 0 0 0 0 0 0 0 0 0 0 0 0 0 0 0 0 0 0 0 0 0 -16.6874066935763 0 0 0 48.413315041774 0 0 0 0 0 47.6955432497761 0 0 0 44.7264685038074 0 0 0 0 0 0 -47.3894892237167 0 0 0 0 0 0 0 0 0 0 0 -13.6374093581014 0 0 0 0 0 0 0 0 0 0 0 0 0 0 0 0 0 0 0 0 0 0 0 0 0 0 0 0 0 0 0 0 0 0 0 0 0 0 0 0 0 0 0 0 0 0 0 0 0 0 0 0 0 0 0 0 0 0 0 0 0 0 0 0 0 0 0 0 316.073935467028
0 -43.7290070055577 0 0 0 0 0 0 0 0 0 0 -34.579582006437 0 0 0 0 0 0 0 0 0 0 0 43.0721984589404 0 0 0 0 0 0 0 0 0 0 0 0 -16.458607925089 0 -16.7820540256394 0 0 0 0 0 0 0 0 0 0 0 0 -1.9570688820064 0 0 0 19.7325136513554 0 -15.0530199009781 -25.2260119829226 0 0 0 0 0 0 0 0 0 0 0 0 0 0 0 0 0 0 0 0 0 0 0 0 0 0 0 0 0 0 0 0 0 0 0 0 0 0 0 0 0 0 0 0 0 0 0 0 0 0 0 0 0 0 0 0 0 0 0 0 0 0 0 0 0 0 0 0 -515.594586939328
0 0 0 0 0 0 35.4161580823004 0 0 0 0 0 0 0 0 0 0 0 38.2203258227779 0 0 0 0 0 0 0 0 0 0 36.8666920225539 0 0 0 0 0 -32.5792342254212 0 -27.8161107258352 0 0 0 0 0 0 0 0 0 0 0 0 0 0 0 0 0 0 0 -6.30643134930203 0 0 0 0 0 0 0 0 0 0 0 0 0 0 0 0 0 0 0 0 0 0 0 0 0 0 0 0 0 0 0 0 0 0 0 0 0 0 0 0 0 0 0 0 0 0 0 0 0 0 0 0 0 0 0 0 0 0 0 0 0 0 0 0 0 0 0 0 0 0 -97.3684472216437
0 0 0 0 0 0 0 0 0 0 0 0 0 0 0 0 0 0 0 0 0 0 0 0 0 -45.3811700337092 0 0 0 0 0 0 0 0 0 0 0 0 0 12.6516154377985 0 -40.8060746193997 0 0 0 0 0 0 0 7.59469366680907 0 0 0 0 0 0 0 0 0 0 0 0 0 0 0 0 0 0 0 0 0 0 0 0 0 0 0 0 0 0 0 0 0 0 0 0 0 0 0 0 0 0 0 0 0 0 0 0 0 0 0 0 0 0 0 0 0 0 0 0 0 0 0 0 0 0 0 0 0 0 0 0 0 0 0 0 0 0 -351.329034948733
0 0 15.7905436893907 0 0 0 0 0 0 0 0 0 0 0 1.92444399041907 0 0 0 0 0 0 0 0 0 0 0 0 0 0 0 0 0 0 0 0 -43.0133768259823 0 37.5542672068274 0 0 0 -17.0047540462882 0 0 0 0 45.1996864926672 0 0 0 0 0 0 0 0 40.975038906853 0 0 0 45.6790846712624 0 0 0 0 0 0 0 0 0 0 0 0 0 0 0 0 0 0 0 0 0 0 0 0 0 0 0 0 0 0 0 0 0 0 0 0 0 0 0 0 0 0 0 0 0 0 0 0 0 0 0 0 0 0 0 0 0 0 0 0 0 0 0 0 0 0 0 0 877.631395735608
0 0 0 0 0 -25.9377283827595 0 0 0 0 0 0 -29.0284899123269 0 0 0 0 0 0 0 0 0 0 0 0 0 0 0.286792768475275 3.44968428436891 -45.4161414178717 0 0 0 0 -45.8687370647659 0 0 0 0 0 0 0 0 26.3337976483026 0 0 0 0 0 0 0 -3.18272013620811 0 0 0 0 0 0 0 0 0 0 0 0 0 0 0 0 0 0 0 0 0 0 0 0 0 0 0 0 0 0 0 0 0 0 0 0 0 0 0 0 0 0 0 0 0 0 0 0 0 0 0 0 0 0 0 0 0 0 0 0 0 0 0 0 0 0 0 0 0 0 0 0 0 0 0 0 -586.396671373571
0 0 0 0 0 0 0 0 0 0 0 0 0 0 0 0 0 0 0 17.9893591073221 0 0 9.65752353985373 0 0 0 0 0 0 2.88179438805882 0 0 0 0 0 0 0 0 0 0 0 0 0 0 45.6447362030224 0 0 0 -9.58688583256068 0 0 0 0 0 30.6647283667602 0 0 0 0 0 0 0 0 0 0 0 0 0 0 0 0 0 0 0 0 0 0 0 0 0 0 0 0 0 0 0 0 0 0 0 0 0 0 0 0 0 0 0 0 0 0 0 0 0 0 0 0 0 0 0 0 0 0 0 0 0 0 0 0 0 0 0 0 0 0 0 0 0 536.786685898385
0 0 0 0 0 0 0 0 0 0 0 49.8027833343831 0 0 0 0 0 0 0 0 0 0 0 0 0 0 0 0 0 0 12.5781612794417 0 0 0 0 0 0 -24.9683596764157 0 0 0 0 0 0 0 0 0 0 0 0 0 0 0 37.2918163972919 0 0 0 0 -44.3505148478481 0 0 -30.0900539248007 0 0 0 0 0 0 0 0 0 0 0 0 0 0 0 0 0 0 0 0 0 0 0 0 0 0 0 0 0 0 0 0 0 0 0 0 0 0 0 0 0 0 0 0 0 0 0 0 0 0 0 0 0 0 0 0 0 0 0 0 0 0 0 0 0 0 263.697883642522
0 0 0 0 0 0 0 0 0 42.8568649735835 0 0 0 0 0 0 0 0 0 0 0 0 0 0 0 0 0 0 0 0 -4.82682018890871 0 0 0 0 0 0 0 28.2607611981691 0 0 0 -23.7629677964872 0 48.8761568501536 0 0 0 0 0 0 0 0 0 0 0 0 0 10.0468561802617 0 0 0 0 0 0 0 0 0 0 0 0 0 0 0 0 0 0 0 0 0 0 0 0 0 0 0 0 0 0 0 0 0 0 0 0 0 0 0 0 0 0 0 0 0 0 0 0 0 0 0 0 0 0 0 0 0 0 0 0 0 0 0 0 0 0 0 0 0 714.61607614862
0 0 0 0 0 0 0 0 0 0 0 0 0 0 -8.00199445820615 0 0 0 0 0 0 0 0 43.4966669816222 0 0 0 -13.3818330243127 0 0 8.57954343737549 0 0 -32.1223838738862 9.89197748239412 0 0 0 0 0 0 0 5.8159744779924 0 0 0 0 0 0 0 8.20262949450455 0 0 0 0 -15.0904099027635 0 0 0 0 0 0 0 -30.6587931944091 0 0 0 0 0 0 0 0 0 0 0 0 0 0 0 0 0 0 0 0 0 0 0 0 0 0 0 0 0 0 0 0 0 0 0 0 0 0 0 0 0 0 0 0 0 0 0 0 0 0 0 0 0 0 0 0 0 0 0 0 0 0 0 0 -428.162020157727
0 0 0 0 0 0 0 0 0 0 0 0 0 4.75971793711587 0 0 0 0 0 0 0 0 0 0 0 0 0 0 0 0 0 0 0 0 29.8361927327708 0 -13.1209265985856 0 0 0 0 0 0 0 0 -2.071878506858 0 0 0 0 38.9764436320193 0 0 0 0 0 0 0 0 0 0 32.818953732672 37.0303030262101 0 0 0 0 0 0 0 0 0 0 0 0 0 0 0 0 0 0 0 0 0 0 0 0 0 0 0 0 0 0 0 0 0 0 0 0 0 0 0 0 0 0 0 0 0 0 0 0 0 0 0 0 0 0 0 0 0 0 0 0 0 0 0 0 0 630.651391292949
0 0 44.743067357996 0 0 0 0 0 0 0 0 -21.9521884264616 -45.1793538934946 0 0 0 0 -34.1019482752406 0 0 0 0 -37.6673704278141 0 0 0 0 0 0 0 0 0 0 0 0 0 0 0 0 0 18.9936155433377 0 0 0 0 -48.4292042500795 0 0 0 0 0 0 0 0 0 0 0 0 0 30.2082822893635 0 0 -25.1510632524587 0 0 0 0 0 0 0 0 0 0 0 0 0 0 0 0 0 0 0 0 0 0 0 0 0 0 0 0 0 0 0 0 0 0 0 0 0 0 0 0 0 0 0 0 0 0 0 0 0 0 0 0 0 0 0 0 0 0 0 0 0 0 0 0 0 -1033.62054200723
0 0 0 0 40.9987349257436 0 0 0 0 0 0 0 0 0 0 -23.246341367184 0 0 0 0 0 0 0 0 0 0 0 0 0 0 0 0 45.2462815827992 0 0 0 0 0 -14.8025031012374 0 0 0 0 0 0 0 0 0 0 0 0 0 0 0 0 0 29.3287695276413 0 0 0 0 0 0 -40.5757806429743 0 0 0 0 0 0 0 0 0 0 0 0 0 0 0 0 0 0 0 0 0 0 0 0 0 0 0 0 0 0 0 0 0 0 0 0 0 0 0 0 0 0 0 0 0 0 0 0 0 0 0 0 0 0 0 0 0 0 0 0 0 0 0 0 187.546932489913
0 0 0 0 0 0 0 0 0 0 0 0 0 0 0 0 0 0 0 0 0 0 0 0 0 0 0 16.7641854396697 0 0 0 0 0 0 0 0 0 0 -23.0421242226794 0 0 30.5936810808043 0 0 0 38.5747400865795 0 0 0 0 0 0 0 0 0 0 0 0 0 0 0 0 -47.7219711494969 0 0 0 0 0 0 0 0 0 0 0 0 0 0 0 0 0 0 0 0 0 0 0 0 0 0 0 0 0 0 0 0 0 0 0 0 0 0 0 0 0 0 0 0 0 0 0 0 0 0 0 0 0 0 0 0 0 0 0 0 0 0 0 0 0 153.194200321137
0 0 0 0 0 16.6889901764256 0 0 21.8040051456279 0 0 0 0 -6.87709917098394 0 0 -31.7036287027162 0 0 0 0 0 0 0 0 0 0 0 0 0 0 0 0 0 0 0 26.4478576395111 0 0 0 0 0 0 0 0 0 -34.0276844928158 0 0 0 0 0 0 0 -10.4145287597438 0 38.0267506613237 0 0 0 0 0 0 0 0 0 0 0 0 0 0 0 0 0 0 0 0 0 0 0 0 0 0 0 0 0 0 0 0 0 0 0 0 0 0 0 0 0 0 0 0 0 0 0 0 0 0 0 0 0 0 0 0 0 0 0 0 0 0 0 0 0 0 0 0 0 0 0 -179.286568377831
0 0 0 39.630420520056 -0.839749156112235 0 0 0 0 0 0 0 0 0 0 -15.0302628940572 0 0 0 -15.9242019583249 0 0 0 0 0 0 28.043939177257 0 0 0 0 0 0 41.2053394752875 0 0 0 0 40.6290337325628 0 0 0 0 0 0 0 0 0 0 0 0 0 0 0 0 0 0 0 0 0 0 0 -12.2168554061533 0 0 0 0 0 0 0 0 0 0 0 0 0 0 0 0 0 0 0 0 0 0 0 0 0 0 0 0 0 0 0 0 0 0 0 0 0 0 0 0 0 0 0 0 0 0 0 0 0 0 0 0 0 0 0 0 0 0 0 0 0 0 0 0 0 526.80354902636
0 0 0 0 0 0 0 0 0 0 0 25.3474611390799 0 0 0 0 0 0 -5.46157041069914 0 0 0 0 0 0 0 0 0 0 0 0 0 0 0 0 0 0 0 0 0 0 0 0 19.4464715990319 0 24.649040879244 0 0 0 0 0 0 0 0 0 0 0 0 0 0 0 0 -34.8896535048021 0 0 0 0 0 0 0 0 0 0 0 0 0 0 0 0 0 0 0 0 0 0 0 0 0 0 0 0 0 0 0 0 0 0 0 0 0 0 0 0 0 0 0 0 0 0 0 0 0 0 0 0 0 0 0 0 0 0 0 0 0 0 0 0 0 277.025807991132
0 0 0 0 0 0 0 0 16.6896131662595 0 0 0 0 0 0 0 0 0 0 0 0 0 -35.7660002018278 0 0 17.3107350935563 0 0 0 0 0 0 0 0 0 0 0 0 0 0 0 0 0 0 0 0 0 0 0 0 0 0 16.4817792781194 0 0 -47.8182549874444 0 0 0 0 0 -19.5782573048684 0 0 0 0 0 0 0 0 0 0 0 0 0 0 0 0 0 0 0 0 0 0 0 0 0 0 0 0 0 0 0 0 0 0 0 0 0 0 0 0 0 0 0 0 0 0 0 0 0 0 0 0 0 0 0 0 0 0 0 0 0 0 0 0 0 0 -409.615699462777
0 0 0 0 0 0 0 0 -37.6335029966727 0 0 0 0 0 0 0 0 0 0 0 0 0 0 8.80058664495862 0 0 0 0 0 0 0 0 0 0 0 0 0 0 0 0 0 0 0 0 0 0 0 0 0 0 0 0 0 0 11.3520846420814 0 0 0 0 0 0 0 0 0 0 0 0 0 0 0 0 0 0 0 0 0 0 0 0 0 0 0 0 0 0 0 0 0 0 0 0 0 0 0 0 0 0 0 0 0 0 0 0 0 0 0 0 0 0 0 0 0 0 0 0 0 0 0 0 0 0 0 0 0 0 0 0 0 -44.5568737696929
0 29.0818797283265 0 0 0 0 0 0 0 0 0 0 0 0 0 0 0 0 0 0 0 0 0 0 0 0 0 0 0 0 0 0 0 0 0 0 0 0 0 0 0 0 0 0 0 0 0 0 0 0 0 0 0 0 0 0 0 0 0 0 21.1647617596692 0 0 0 0 0 0 0 0 0 0 0 0 0 0 0 0 0 0 0 0 0 0 0 0 0 0 0 0 0 0 0 0 0 0 0 0 0 0 0 0 0 0 0 0 0 0 0 0 0 0 0 0 0 0 0 0 0 0 0 0 0 0 0 0 0 0 0 242.315749717693
0 0 0 0 0 0 0 0 44.1525702015637 0 0 0 0 0 0 0 0 0 0 -1.79853555068226 0 0 4.4474758359375 0 0 0 0 0 0 0 0 -3.04302282108776 0 0 0 0 0 0 0 0 0 0 0 0 18.7666581084974 0 0 0 0 0 0 -33.2653086544552 -20.9779698033565 0 0 0 0 0 0 0 0 0 0 0 0 0 0 0 0 0 0 0 0 0 0 0 0 0 0 0 0 0 0 0 0 0 0 0 0 0 0 0 0 0 0 0 0 0 0 0 0 0 0 0 0 0 0 0 0 0 0 0 0 0 0 0 0 0 0 0 0 0 0 0 0 0 0 0 93.6891639876507
0 0 6.60060940898394 0 0 0 0 -9.93921157943266 0 0 0 0 0 0 0 0 0 0 0 0 0 0 0 0 0 0 0 0 0 0 0 0 0 0 0 0 0 0 0 0 0 0 0 -38.8765509524626 0 0 0 0 0 0 0 0 0 0 0 0 0 0 0 34.905271757859 -2.2443038881635 0 0 0 0 0 0 0 0 0 0 0 0 0 0 0 0 0 0 0 0 0 0 0 0 0 0 0 0 0 0 0 0 0 0 0 0 0 0 0 0 0 0 0 0 0 0 0 0 0 0 0 0 0 0 0 0 0 0 0 0 0 0 0 0 0 0 0 -52.8613352425647
0 0 0 0 0 0 -11.6542578959551 0 0 0 0 0 0 -28.230929007814 0 0 7.53424617889998 0 0 0 0 0 0 0 0 0 0 0 0 0 0 0 0 0 0 0 0 0 0 0 -2.94993917984396 0 0 0 0 0 0 0 0 0 0 0 0 0 0 0 0 0 0 0 0 0 0 0 0 0 0 0 0 0 0 0 0 0 0 0 0 0 0 0 0 0 0 0 0 0 0 0 0 0 0 0 0 0 0 0 0 0 0 0 0 0 0 0 0 0 0 0 0 0 0 0 0 0 0 0 0 0 0 0 0 0 0 0 0 0 0 0 -240.707649470628
0 0 0 0 0 0 0 0 0 0 0 0 0 0 0 0 0 0 0 0 0 0 0.569194793411898 0 0 0 0 0 0 0 0 0 0 0 0 0 0 0 0.750556246505174 -17.6526937343113 0 0 0 -38.7818602219873 0 0 0 0 0 0 0 0 0 0 0 0 0 0 0 0 0 -18.5595955536378 0 0 0 0 0 0 0 0 0 0 0 0 0 0 0 0 0 0 0 0 0 0 0 0 0 0 0 0 0 0 0 0 0 0 0 0 0 0 0 0 0 0 0 0 0 0 0 0 0 0 0 0 0 0 0 0 0 0 0 0 0 0 0 0 0 0 -459.478473024735
0 0 0 0 0 0 0 0 0 0 -43.4124883153076 0 0 0 0 0 0 0 0 -36.1399696111878 -24.5989784416093 0 0 0 0 -35.399943980506 0 0 0 0 0 38.4531593252992 0 0 0 0 0 0 0 0 0 0 0 0 0 0 0 0 0 0 0 0 0 0 0 0 0 0 0 0 0 0 0 0 0 0 0 0 0 0 0 0 0 0 0 0 0 0 0 0 0 0 0 0 0 0 0 0 0 0 0 0 0 0 0 0 0 0 0 0 0 0 0 0 0 0 0 0 0 0 0 0 0 0 0 0 0 0 0 0 0 0 0 0 0 0 0 0 -50.5280147256839
0 0 0 0 0 0 0 0 0 0 -38.5856099587916 0 0 43.2212513673693 0 0 0 0 0 0 0 0 0 0 0 34.0723801428595 -3.7805948894892 0 0 0 0 -30.7968516008225 0 -24.7770898114938 0 0 0 0 0 0 0 32.0469619440105 0 0 0 0 0 -7.96863766722381 0 0 0 0 -20.5922214699943 0 0 0 0 0 0 38.2645805535335 0 0 36.9001117343817 0 0 0 0 0 0 0 0 0 0 0 0 0 0 0 0 0 0 0 0 0 0 0 0 0 0 0 0 0 0 0 0 0 0 0 0 0 0 0 0 0 0 0 0 0 0 0 0 0 0 0 0 0 0 0 0 0 0 0 0 0 0 0 0 0 606.093335599288
0 0 0 0 0 0 0 0 0 31.779585119642 0 -45.7130753589091 0 0 0 0 18.3657731005265 0 0 0 0 0 0 0 0 0 0 0 0 0 0 0 0 0 0 0 0 0 0 0 0 0 0 0 0 0 0 0 33.495619401063 0 0 0 0 0 0 0 0 -23.8119387220125 0 0 0 0 0 0 0 0 0 0 0 0 0 0 0 0 0 0 0 0 0 0 0 0 0 0 0 0 0 0 0 0 0 0 0 0 0 0 0 0 0 0 0 0 0 0 0 0 0 0 0 0 0 0 0 0 0 0 0 0 0 0 0 0 0 0 0 0 0 0 95.7783187334645
0 0 0 0 0 0 0 0 0 -42.8980816483577 0 0 0 0 0 0 0 0 0 10.069127640722 0 0 0 0 0 0 0 0 0 0 0 0 0 -46.6116460125412 0 0 0 0 0 0 0 0 0 0 0 3.70087433177848 0 0 0 0 0 0 -27.6916990398913 0 17.5092144746618 0 0 -48.1015880602276 0 34.6167894864965 0 0 0 0 0 0 0 0 0 0 0 0 0 0 0 0 0 0 0 0 0 0 0 0 0 0 0 0 0 0 0 0 0 0 0 0 0 0 0 0 0 0 0 0 0 0 0 0 0 0 0 0 0 0 0 0 0 0 0 0 0 0 0 0 0 0 0 0 -845.689240278726
0 0 0 -28.3811444572303 0 0 0 0 0 0 0 0 0 0 0 0 0 0 0 0 26.2757230895565 0 0 0 0 -26.2776062706071 0 0 0 0 0 0 0 0 0 0 0 0 0 0 0 0 -42.7981266939055 0 0 0 0 0 0 0 0 0 0 0 0 -6.97691062036256 0 0 0 0 0 0 0 9.13780713721425 0 0 0 0 0 0 0 0 0 0 0 0 0 0 0 0 0 0 0 0 0 0 0 0 0 0 0 0 0 0 0 0 0 0 0 0 0 0 0 0 0 0 0 0 0 0 0 0 0 0 0 0 0 0 0 0 0 0 0 0 0 0 0 0 -225.880937413811
0 0 0 0 0 0 0 0 0 0 0 0 0 0 0 0 47.0909590140933 0 0 18.2606044264625 0 0 0 0 0 0 0 0 0 0 -10.0123699425162 -44.5517926284561 0 0 0 0 0 0 0 0 0 0 0 0 0 0 0 0 0 0 0 0 0 0 0 13.8110417511714 0 0 0 0 0 0 -40.6579667137454 -18.2122648078932 0 0 0 0 0 0 0 0 0 0 0 0 0 0 0 0 0 0 0 0 0 0 0 0 0 0 0 0 0 0 0 0 0 0 0 0 0 0 0 0 0 0 0 0 0 0 0 0 0 0 0 0 0 0 0 0 0 0 0 0 0 0 0 0 -452.337568083342
0 0 0 0 0 10.6586435552143 0 -9.89500180288125 0 0 0 0 0 0 0 0 0 0 0 0 0 0 0 0 0 0 0 43.4696221577357 0 46.2870049335295 -1.48829319086088 0 0 0 0 0 0 0 0 0 0 0 0 0 0 0 0 0 0 0 0 0 0 0 0 0 0 0 0 0 0 0 0 0 0 0 0 0 0 0 0 0 0 0 0 0 0 0 0 0 0 0 0 0 0 0 0 0 0 0 0 0 0 0 0 0 0 0 0 0 0 0 0 0 0 0 0 0 0 0 0 0 0 0 0 0 0 0 0 0 0 0 0 0 0 0 0 0 188.36045533448
0 0 0 46.2327016117725 0 0 0 0 0 0 0 0 -42.7405041144588 0 0 0 0 0 0 0 0 0 0 0 0 0 0 0 0 0 0 0 0 0 0 0 0 0 0 0 0 0 0 0 0 0 0 0 0 0 0 0 0 0 0 0 0 0 0 0 0 0 0 0 0 0 0 0 0 0 0 0 0 0 0 0 0 0 0 0 0 0 0 0 0 0 0 0 0 0 0 0 0 0 0 0 0 0 0 0 0 0 0 0 0 0 0 0 0 0 0 0 0 0 0 0 0 0 0 0 0 0 0 0 0 0 0 0 -215.920280191608
0 0 -30.583047950647 0 0 0 0 0 -49.8360215979097 0 0 0 0 0 0 0 37.4112837653408 0 0 0 0 0 0 0 0 0 0 0 0 0 0 0 0 0 0 0 0 0 0 36.0352984138321 0 0 0 0 0 0 0 0 0 0 0 0 0 0 -47.9518557787148 0 0 0 0 -49.2611808829569 0 0 0 0 0 0 0 0 0 0 0 0 0 0 0 0 0 0 0 0 0 0 0 0 0 0 0 0 0 0 0 0 0 0 0 0 0 0 0 0 0 0 0 0 0 0 0 0 0 0 0 0 0 0 0 0 0 0 0 0 0 0 0 0 0 0 0 0 -533.889752611019
0 0 0 0 -17.4069137769062 0 0 0 0 0 0 0 0 0 0 0 30.2743554258316 0 0 0 0 0 0 3.15731801811197 0 0 0 0 0 0 0 0 0 0 0 0 0 0 0 0 0 0 45.8955889253004 0 0 0 0 0 0 0 0 0 0 0 0 0 0 0 0 0 0 0 0 0 0 0 0 0 0 0 0 0 0 0 0 0 0 0 0 0 0 0 0 0 0 0 0 0 0 0 0 0 0 0 0 0 0 0 0 0 0 0 0 0 0 0 0 0 0 0 0 0 0 0 0 0 0 0 0 0 0 0 0 0 0 0 0 0 222.838761704149
0 0 0 0 0 0 0 0 0 0 0 0 0 0 0 0 0 0 0 0 0 0 0 0 0 0 0 0 0 0 0 -39.1735783971186 0 0 0 0 0 0 0 0 0 0 0 0 0 0 32.0992895476645 0 0 0 0 0 0 0 0 18.8660294250432 0 0 0 0 31.260348866345 0 28.0609686987178 0 0 0 0 0 0 0 0 0 0 0 0 0 0 0 0 0 0 0 0 0 0 0 0 0 0 0 0 0 0 0 0 0 0 0 0 0 0 0 0 0 0 0 0 0 0 0 0 0 0 0 0 0 0 0 0 0 0 0 0 0 0 0 0 0 414.729777574531
0 0 0 0 0 0 0 0 0 0 0 0 0 0 -5.96284057810576 0 0 0 0 0 0 0 0 0 0 0 0 0 0 0 0 0 0 0 0 0 0 0 25.4591432796104 0 0 0 0 0 0 0 0 0 0 0 0 0 0 0 0 0 0 0 0 0 0 0 0 0 0 0 0 0 0 0 0 0 0 0 0 0 0 0 0 0 0 0 0 0 0 0 0 0 0 0 0 0 0 0 0 0 0 0 0 0 0 0 0 0 0 0 0 0 0 0 0 0 0 0 0 0 0 0 0 0 0 0 0 0 0 0 0 0 69.574531390376
0 0 0 0 0 41.0218761237477 0 0 0 0 -36.0070743588982 0 32.2336289126678 0 0 0 0 0 0 0 0 0 -18.8690893855216 0 0 0 0 -22.8392703290646 0 0 32.5866058347914 -26.3690900968807 0 0 0 0 0 0 0 0 0 0 0 0 0 0 0 0 0 -28.8973947394371 0 0 0 0 0 0 0 0 0 0 0 0 0 29.880078527042 0 0 0 0 0 0 0 0 0 0 0 0 0 0 0 0 0 0 0 0 0 0 0 0 0 0 0 0 0 0 0 0 0 0 0 0 0 0 0 0 0 0 0 0 0 0 0 0 0 0 0 0 0 0 0 0 0 0 0 0 0 0 0 0 762.504847786222
0 0 0 0 -19.4824999506512 0 0 0 0 0 -12.3530756546548 0 0 0 0 0 0 0 -48.0234390360937 0 0 0 0 0 0 0 0 0 9.47230070236957 0 0 0 0 0 2.51494818495327 0 0 -48.1361193547403 0 0 0 0 0 0 0 0 0 0 -11.4295349387785 0 0 0 0 -15.4307931818711 0 0 -38.3128051598283 0 0 0 2.2274428417778 0 0 0 0 0 0 0 0 0 0 0 0 0 0 0 0 0 0 0 0 0 0 0 0 0 0 0 0 0 0 0 0 0 0 0 0 0 0 0 0 0 0 0 0 0 0 0 0 0 0 0 0 0 0 0 0 0 0 0 0 0 0 0 0 0 0 0 -966.99658754271
0 0 0 0 0 0 0 0 0 0 0 0 0 0 0 0 0 0 0 0 0 0 0 0 0 0 0 0 0 38.550879855671 0 0 0 0 0 0 0 0 0 0 0 0 0 0 0 0 0 0 0 0 0 0 0 0 0 0 0 0 0 0 0 0 47.2539853938971 0 0 0 0 0 0 0 0 0 0 0 0 0 0 0 0 0 0 0 0 0 0 0 0 0 0 0 0 0 0 0 0 0 0 0 0 0 0 0 0 0 0 0 0 0 0 0 0 0 0 0 0 0 0 0 0 0 0 0 0 0 0 0 0 0 453.044982501313
0 0 0 23.1524799948293 0 0 0 0 0 0 0 0 0 0 0 0 0 0 0 0 0 0 0 0 0 3.00427903630015 0 0 0 0 0 0 0 0 0 0 0 0 0 0 0 0 0 0 49.9768058154958 0 0 0 0 0 0 0 0 0 0 0 0 -15.4078475628526 -13.4726630496375 0 0 0 0 0 0 0 0 0 0 0 0 0 0 0 0 0 0 0 0 0 0 0 0 0 0 0 0 0 0 0 0 0 0 0 0 0 0 0 0 0 0 0 0 0 0 0 0 0 0 0 0 0 0 0 0 0 0 0 0 0 0 0 0 0 0 0 0 0 334.66182564778
-48.9005328958067 0 0 0 0 0 0 0 0 -49.2379181451343 0 0 0 0 -29.1607111650023 0 0 0 0 0 26.1859017044177 0 0 0 0 0 29.2660302969908 0 0 0 0 0 0 0 0 0 0 0 0 0 0 0 0 -15.8152110393209 0 0 0 0 0 0 0 0 0 0 0 0 0 0 0 0 0 0 -44.2878043078809 0 0 0 0 0 0 0 0 0 0 0 0 0 0 0 0 0 0 0 0 0 0 0 0 0 0 0 0 0 0 0 0 0 0 0 0 0 0 0 0 0 0 0 0 0 0 0 0 0 0 0 0 0 0 0 0 0 0 0 0 0 0 0 0 0 -1086.83317817917
0 0 0 0 0 0 0 0 0 0 0 0 0 0 0 0 0 0 0 0 0 0 0 0 0 0 0 0 0 0 0 0 0 0 -30.4012257391583 0 0 0 0 0 0 0 0 8.38339513252148 0 0 0 0 0 42.4586928403644 0 0 0 0 0 0 0 0 0 0 0 0 0 0 0 0 0 0 0 0 0 0 0 0 0 0 0 0 0 0 0 0 0 0 0 0 0 0 0 0 0 0 0 0 0 0 0 0 0 0 0 0 0 0 0 0 0 0 0 0 0 0 0 0 0 0 0 0 0 0 0 0 0 0 0 0 0 0 -36.1420347383414
0 0 0 0 0 0 0 0 0 0 -12.9870034504975 0 0 0 0 -25.2650641270577 0 0 0 0 -36.6109782616894 0 0 0 0 0 0 0 0 0 0 0 0 0 0 0 0 0 0 38.3729722918579 0 0 0 0 -1.77608052495521 0 0 0 0 0 0 0 0 0 0 0 0 0 0 -15.9203088836402 0 0 0 0 0 0 0 0 0 0 0 0 0 0 0 0 0 0 0 0 0 0 0 0 0 0 0 0 0 0 0 0 0 0 0 0 0 0 0 0 0 0 0 0 0 0 0 0 0 0 0 0 0 0 0 0 0 0 0 0 0 0 0 0 0 0 0 0 -187.493816480702
0 0 0 0 0 0 -17.6838879817333 0 0 21.326176831436 0 0 0 0 0 0 0 0 0 -10.9866204666981 0 0 0 -16.8869585628034 0 0 0 0 0 0 0 0 0 0 0 0 0 0 0 0 0 0 0 0 0 0 0 0 0 0 0 0 0 0 0.774942550769109 0 0 0 0 0 0 0 0 0 0 0 0 0 0 0 0 0 0 0 0 0 0 0 0 0 0 0 0 0 0 0 0 0 0 0 0 0 0 0 0 0 0 0 0 0 0 0 0 0 0 0 0 0 0 0 0 0 0 0 0 0 0 0 0 0 0 0 0 0 0 0 0 0 32.7832853081561
0 -46.6815419130838 0 0 0 0 0 0 0 0 0 0 0 0 0 0 0 0 0 0 0 0 0 0 0 0 0 0 0 0 0 0 0 0 0 0 0 0 0 0 0 0 0 0 0 0 0 0 0 0 0 0 0 0 0 28.212019594963 0 0 0 0 0 20.7966718833738 0 0 0 0 0 0 0 0 0 0 0 0 0 0 0 0 0 0 0 0 0 0 0 0 0 0 0 0 0 0 0 0 0 0 0 0 0 0 0 0 0 0 0 0 0 0 0 0 0 0 0 0 0 0 0 0 0 0 0 0 0 0 0 0 0 0 107.786428562128
0 0 0 0 0 0 0 0 27.7949160428485 0 0 0 -24.5575695364499 0 0 -19.3210429154752 0 0 0 0 0 0 0 0 0 0 0 0 0 0 31.8017580377056 0 0 0 0 -36.284079873458 0 0 0 0 0 0 0 0 0 0 0 19.7566582986787 0 0 0 0 0 0 0 0 0 0 0 0 0 43.9856954456321 0 0 0 0 0 0 0 0 0 0 0 0 0 0 0 0 0 0 0 0 0 0 0 0 0 0 0 0 0 0 0 0 0 0 0 0 0 0 0 0 0 0 0 0 0 0 0 0 0 0 0 0 0 0 0 0 0 0 0 0 0 0 0 0 0 0 184.600476170455
0 0 0 0 0 0 0 0 0 0 -10.4049107138109 0 0 0 0 0 0 0 0 0 0 0 -12.3767607802749 0 0 0 0 0 -44.4031449049256 0 0 0 -37.1947275260818 0 0 0 0 0 0 0 0 0 0 0 0 0 0 0 0 0 0 0 0 0 0 0 0 0 0 0 0 -39.8020697922431 0 0 0 0 0 0 0 0 0 0 0 0 0 0 0 0 0 0 0 0 0 0 0 0 0 0 0 0 0 0 0 0 0 0 0 0 0 0 0 0 0 0 0 0 0 0 0 0 0 0 0 0 0 0 0 0 0 0 0 0 0 0 0 0 0 0 -696.933694259959
0 0 0 0 0 25.6369714507736 0 0 0 36.6015860195698 0 0 0 0 0 0 49.6594824130415 0 0 0 0 0 -40.152193134702 0 0 0 0 -32.7427578675842 0 0 0 0 0 0 0 -1.5477535253313 43.7268952743596 0.959597850023886 0 -28.3708174096337 0 0 0 -44.8534660872537 0 0 0 0 0 0 0 14.9954687033993 0 -9.70037242904405 0 0 0 0 0 0 0 0 -27.9173894359858 0 0 0 0 0 0 0 0 0 0 0 0 0 0 0 0 0 0 0 0 0 0 0 0 0 0 0 0 0 0 0 0 0 0 0 0 0 0 0 0 0 0 0 0 0 0 0 0 0 0 0 0 0 0 0 0 0 0 0 0 0 0 0 0 0 -150.82490632847
0 0 0 0 0 0 -45.1994442119056 0 0 0 -3.35455918509254 0 7.04366416045065 0 0 0 0 22.9502543207408 0 0 47.0444697054425 0 0 0 0 0 0 0 0 0 0 0 0 0 0.271189315855658 0 0 0 0 0 0 0 0 0 0 0 0 0 0 0 0 0 0 0 0 0 0 0 0 0 0 0 0 0 0 0 0 0 0 0 0 0 0 0 0 0 0 0 0 0 0 0 0 0 0 0 0 0 0 0 0 0 0 0 0 0 0 0 0 0 0 0 0 0 0 0 0 0 0 0 0 0 0 0 0 0 0 0 0 0 0 0 0 0 0 0 0 0 143.007578208431
0 0 0 0 0 0 0 0 0 0 0 0 0 0 0 0 0 0 -12.6337883592399 0 25.5043039288708 -7.26929117186987 0 0 0 0 0 0 0 0 0 0 11.893167222704 0 0 0 0 0 0 0 0 33.4458539134971 0 0 0 0 0 0 0 0 0 0 0 0 0 0 0 0 0 0 0 -39.8941365511181 0 0 0 0 0 0 0 0 0 0 0 0 0 0 0 0 0 0 0 0 0 0 0 0 0 0 0 0 0 0 0 0 0 0 0 0 0 0 0 0 0 0 0 0 0 0 0 0 0 0 0 0 0 0 0 0 0 0 0 0 0 0 0 0 0 0 72.9401957441891
0 0 0 0 0 0 0 0 0 0 0 0 0 0 0 0 0 0 0 0 0 0 0 0 0 0 0 0 0 0 0 0 0 0 0 0 0 0.494173010867982 0 0 0 0 0 0 0 0 31.5173365435581 0 0 0 0 0 0 0 0 -11.9863347120904 0 0 0 0 0 0 0 0 0 0 0 0 0 0 0 0 0 0 0 0 0 0 0 0 0 0 0 0 0 0 0 0 0 0 0 0 0 0 0 0 0 0 0 0 0 0 0 0 0 0 0 0 0 0 0 0 0 0 0 0 0 0 0 0 0 0 0 0 0 0 0 0 85.1363012346832
-36.462855378435 0 0 0 0 0 0 0 0 0 0 0 0 0 0 0 0 0 0 0 0 0 0 0 0 0 0 0 0 0 0 0 0 0 0 0 0 0 0 0 0 0 0 0 0 0 22.6848136414426 0 0 0 0 0 0 0 0 0 0 0 0 0 0 0 0 0 0 0 0 0 0 0 0 0 0 0 0 0 0 0 0 0 0 0 0 0 0 0 0 0 0 0 0 0 0 0 0 0 0 0 0 0 0 0 0 0 0 0 0 0 0 0 0 0 0 0 0 0 0 0 0 0 0 0 0 0 0 0 0 0 -144.501840952962
0 0 -40.1355200009766 0 26.0492398375864 0 0 0 0 0 0 0 0 0 0 0 0 0 0 0 0 0 0 0 0 0 0 0 0 0 20.3491452187326 0 0 0 0 0 0 0 0 0 0 0 0 0 0 0 0 0 0 0 0 0 0 37.7914994548909 0 34.6103753053652 0 0 0 0 0 0 0 0 0 0 0 0 0 0 0 0 0 0 0 0 0 0 0 0 0 0 0 0 0 0 0 0 0 0 0 0 0 0 0 0 0 0 0 0 0 0 0 0 0 0 0 0 0 0 0 0 0 0 0 0 0 0 0 0 0 0 0 0 0 0 0 0 634.643694425574
0 0 0 0 0 0 0 0 0 0 0 -17.2176122505498 0 0 0 0 0 -39.881378155988 0 0 0 0 19.2996738780725 -41.5121832994488 0 0 0 0 0 0 0 0 0 1.03506162778048 -6.2617855393898 0 0 0 0 0 0 0 0 0 0 0 0 0 0 0 0 0 -21.7544043069328 19.8025256244477 0 0 0 0 0 0 0 0 0 0 0 0 0 0 0 0 0 0 0 0 0 0 0 0 0 0 0 0 0 0 0 0 0 0 0 0 0 0 0 0 0 0 0 0 0 0 0 0 0 0 0 0 0 0 0 0 0 0 0 0 0 0 0 0 0 0 0 0 0 0 0 0 0 0 -272.981877580704
0 0 0 0 0 0 0 6.99399629766055 0 0 0 0 0 0 0 0 0 0 0 0 0 0 0 0 0 0.300549153977248 0 0 0 0 0 0 0 0 0 0 -44.8807409222902 0 0 0 0 0 0 41.2825449312685 0 0 0 0 0 0 -22.2001869376697 0 0 0 0 0 0 0 0 0 0 0 0 0 0 0 0 0 0 0 0 0 0 0 0 0 0 0 0 0 0 0 0 0 0 0 0 0 0 0 0 0 0 0 0 0 0 0 0 0 0 0 0 0 0 0 0 0 0 0 0 0 0 0 0 0 0 0 0 0 0 0 0 0 0 0 0 0 273.783703681495
0 0 0 0 0 0 0 0 0 19.1368349063143 0 0 0 0 -45.0566600961499 -17.5759108355112 0 0 -47.9416799947699 0 -39.0452398226557 0 0 0 0 -28.5248839363924 0 0 0 0 0 0 0 0 0 0 0 0 0 0 0 0 0 0 0 0 0 0 0 0 0 0 0 0 0 0 0 42.5949583971688 0 18.7134332634175 0 0 0 -13.4053138412654 0 0 0 0 0 0 0 0 0 0 0 0 0 0 0 0 0 0 0 0 0 0 0 0 0 0 0 0 0 0 0 0 0 0 0 0 0 0 0 0 0 0 0 0 0 0 0 0 0 0 0 0 0 0 0 0 0 0 0 0 0 0 0 0 -92.2299881079956
0 49.3281056766697 0 0 -43.5684384272627 0 0 0 0 0 0 0 1.25221510585771 0 0 30.507251633969 23.0215642618396 0 0 0 0 0 0 0 0 0 0 0 0 0 0 0 0 0 0 0 0 0 0 0 0 0 0 0 0 0 0 0 0 0 0 0 0 0 0 9.74543846108836 0 0 0 0 0 0 0 0 0 0 0 0 0 0 0 0 0 0 0 0 0 0 0 0 0 0 0 0 0 0 0 0 0 0 0 0 0 0 0 0 0 0 0 0 0 0 0 0 0 0 0 0 0 0 0 0 0 0 0 0 0 0 0 0 0 0 0 0 0 0 0 0 293.726885196864
-38.7371485324848 0 4.6595784234048 0 0 0 0 0 0 0 38.8189054552759 0 0 0 -24.4796958025526 0 0 0 0 0 0 0 0 0 0 0 0 0 0 0 0 0 0 0 0 0 0 0 0 0 0 0 0 -10.442608146765 0 0 -24.5402865301762 0 0 0 0 0 0 0 0 0 0 0 0 0 0 0 -7.82727182670999 0 0 0 0 0 0 0 0 0 0 0 0 0 0 0 0 0 0 0 0 0 0 0 0 0 0 0 0 0 0 0 0 0 0 0 0 0 0 0 0 0 0 0 0 0 0 0 0 0 0 0 0 0 0 0 0 0 0 0 0 0 0 0 0 0 -503.631380099421
0 0 0 0 0 0 0 0 0 0 0 17.0384591772991 0 0 42.3067218424316 0 0 0 0 0 0 0 0 0 0 0 0 0 0 0 0 0 -32.1155541922115 0 0 0 0 0 0 0 0 39.8156278910369 0 0 0 0 0 0 18.5668493517197 0 0 0 0 0 0 0 0 0 0 0 0 0 22.1169270595936 0 0 0 0 0 0 0 0 0 0 0 0 0 0 0 0 0 0 0 0 0 0 0 0 0 0 0 0 0 0 0 0 0 0 0 0 0 0 0 0 0 0 0 0 0 0 0 0 0 0 0 0 0 0 0 0 0 0 0 0 0 0 0 0 0 425.463438908651
0 -10.8738425137805 0 0 0 0 0 0 0 0 0 0 0 0 0 0 0 0 0 0 32.4214033979887 12.3124385661003 33.1573361065962 -41.5167808903425 -47.4109417311391 -48.9290311413079 0 0 30.5979798975267 0 0 0 0 0 0 0 -40.2966256670285 0 0 0 -16.5115837773974 0 0 0 0 0 0 0 0 0 0 0 0 0 -8.89906336561429 0 0 0 49.1690269818723 0 0 48.1709272293813 0 0 0 0 0 0 0 0 0 0 0 0 0 0 0 0 0 0 0 0 0 0 0 0 0 0 0 0 0 0 0 0 0 0 0 0 0 0 0 0 0 0 0 0 0 0 0 0 0 0 0 0 0 0 0 0 0 0 0 0 0 0 0 0 0 0 -161.819108828102
0 0 0 0 0 0 0 0 0 0 0 0 0 0 0 -28.1194126939888 0 0 0 0 0 0 0 0 0 0 0 -12.9959971490153 0 0 0 -30.8099634540554 0 -32.1086521528588 0 0 0 0 0 0 0 0 0 0 0 0 0 11.8040578940453 0 0 0 0 0 0 0 0 0 0 0 0 44.3302057802695 0 0 0 0 0 0 0 0 0 0 0 0 0 0 0 0 0 0 0 0 0 0 0 0 0 0 0 0 0 0 0 0 0 0 0 0 0 0 0 0 0 0 0 0 0 0 0 0 0 0 0 0 0 0 0 0 0 0 0 0 0 0 0 0 0 0 0 -335.04969836463
0 -34.0778676911942 0 0 0 0 0 0 0 0 0 0 0 0 0 0 0 0 0 0 0 0 0 0 0 0 0 0 34.6611481425501 0 0 24.0683926575495 0 0 0 0 0 0 0 0 0 0 0 0 0 0 0 0 0 0 0 0 0 -11.5608194576282 0 0 0 0 0 0 0 0 0 0 0 0 0 0 0 0 0 0 0 0 0 0 0 0 0 0 0 0 0 0 0 0 0 0 0 0 0 0 0 0 0 0 0 0 0 0 0 0 0 0 0 0 0 0 0 0 0 0 0 0 0 0 0 0 0 0 0 0 0 0 0 0 0 0 -24.8753756966613
0 0 0 0 0 0 -23.9449503310934 0 0 0 0 28.4160909542509 0 0 0 0 0 0 -17.5951754409208 0 0 0 -12.1158394725823 0 0 0 0 45.1725786828535 0 0 0 0 0 0 0 0 0 0 -6.02596773769138 0 0 0 0 0 0 0 0 0 0 0 0 0 0 0 0 0 0 0 0 0 0 0 0 0 0 0 0 0 0 0 0 0 0 0 0 0 0 0 0 0 0 0 0 0 0 0 0 0 0 0 0 0 0 0 0 0 0 0 0 0 0 0 0 0 0 0 0 0 0 0 0 0 0 0 0 0 0 0 0 0 0 0 0 0 0 0 0 0 -4.15489675671821
0 0 0 0 0 0 0 0 -0.479100692022316 0 0 0 0 0 -44.1376348079807 0 0 0 0 0 -19.087154209629 0 0 0 0 0 0 0 0 0 0 0 0 -37.1980950493099 0 0 0 0 0 0 0 0 0 0 -48.0288006977612 0 0 0 0 0 0 -36.5175065406333 0 0 0 0 0 0 0 0 0 -19.9782513403713 0 0 0 0 0 0 0 0 0 0 0 0 0 0 0 0 0 0 0 0 0 0 0 0 0 0 0 0 0 0 0 0 0 0 0 0 0 0 0 0 0 0 0 0 0 0 0 0 0 0 0 0 0 0 0 0 0 0 0 0 0 0 0 0 0 0 -1133.8726863193
0 0 0 0 0 0 0 0 0 0 0 0 0 0 0 0 0 0 -26.7285173664789 0 0 0 14.6596059045095 0 0 -12.1573768665393 24.5333206991576 0 -32.5834889813598 0 0 0 0 0 0 0 0 30.8534899347283 0 0 0 0 0 0 0 0 0 0 0 0 0 0 0 0 0 0 0 0 0 0 0 0 0 0 0 0 0 0 0 0 0 0 0 0 0 0 0 0 0 0 0 0 0 0 0 0 0 0 0 0 0 0 0 0 0 0 0 0 0 0 0 0 0 0 0 0 0 0 0 0 0 0 0 0 0 0 0 0 0 0 0 0 0 0 0 0 0 0 224.566740919661
-48.3114475204161 9.47558762891674 0 -19.9900734207928 0 0 -33.9715389618233 0 0 0 0 0 0 0 0 0 0 0 0 0 0 0 0 0 0 -48.1780323692228 0 0 0 0 0 0 0 0 0 0 0 0 0 32.4348813401653 0 0 0 21.7945054435824 0 0 0 0 0 0 26.98121522866 0 0 0 0 0 0 0 0 0 0 0 0 0 0 0 0 0 0 0 0 0 0 0 0 0 0 0 0 0 0 0 0 0 0 0 0 0 0 0 0 0 0 0 0 0 0 0 0 0 0 0 0 0 0 0 0 0 0 0 0 0 0 0 0 0 0 0 0 0 0 0 0 0 0 0 0 0 -344.32726011888
0 0 47.6915017821475 0 -19.1249161340297 0 0 0 0 0 0 0 0 0 0 -22.5352034653419 0 0 0 0 0 0 38.4098733620943 0 0 0 0 0 0 0 0 0 0 0 0 0 0 0 0 0 0 0 0 0 -8.61976117406426 0 0 0 0 0 0 0 -2.24059671541251 22.9012831768079 0 0 0 0 0 0 0 0 0 0 0 0 0 0 0 0 0 0 0 0 0 0 0 0 0 0 0 0 0 0 0 0 0 0 0 0 0 0 0 0 0 0 0 0 0 0 0 0 0 0 0 0 0 0 0 0 0 0 0 0 0 0 0 0 0 0 0 0 0 0 0 0 0 0 357.24131176609
-34.9070813912814 0 0 0 0 0 0 0 -8.25060125069618 0 0 0 0 0 0 0 0 -26.5470421892113 0 0 0 0 0 0 0 0 0 0 0 0 0 0 -32.8661747966772 0 0 0 0 0 0 0 0 0 0 0 0 0 0 0 43.3794969983813 0 0 0 0 0 0 0 0 0 0 0 0 0 0 0 0 0 0 0 0 0 0 0 0 0 0 0 0 0 0 0 0 0 0 0 0 0 0 0 0 0 0 0 0 0 0 0 0 0 0 0 0 0 0 0 0 0 0 0 0 0 0 0 0 0 0 0 0 0 0 0 0 0 0 0 0 0 0 0 -430.783205723012
0 0 0 0 7.5485469037055 0 0 -19.1130165352673 0 0 0 0 0 0 -37.6612654947808 0 0 0 0 0 0 0 0 0 0 0 0 0 0 0 0 0 0 0 0 0 19.7987000777306 0 0 45.9616174295631 0 0 0 0 0 0 0 0 0 0 0 0 0 0 0 -44.8200167759952 0 0 0 0 0 0 0 0 0 0 0 0 0 0 0 0 0 0 0 0 0 0 0 0 0 0 0 0 0 0 0 0 0 0 0 0 0 0 0 0 0 0 0 0 0 0 0 0 0 0 0 0 0 0 0 0 0 0 0 0 0 0 0 0 0 0 0 0 0 0 0 0 -134.934480173965
0 0 0 0 0 0 0 21.0856203993543 0 0 0 0 0 0 0 0 0 0 0 0 36.8069935423209 0 0 0 0 0 0 0 0 0 0 0 24.1981257640751 0 0 0 0 0 0 0 0 0 0 0 0 46.7409055065913 0 44.1364123834848 0 0 0 0 0 0 0 0 0 0 0 0 0 0 0 0 0 0 0 0 0 0 0 0 0 0 0 0 0 0 0 0 0 0 0 0 0 0 0 0 0 0 0 0 0 0 0 0 0 0 0 0 0 0 0 0 0 0 0 0 0 0 0 0 0 0 0 0 0 0 0 0 0 0 0 0 0 0 0 0 1103.14240081271
0 0 0 0 0 0 0 0 0 -32.7758077848685 21.0924509677784 0 0 0 0 0 0 0 0 0 8.8419745617613 0 0 0 0 0 0 0 0 0 0 0 0 -13.0022543463246 0 0 0 0 0 0 0 0 0 0 0 0 0 0 0 0 0 0.468456537499884 0 0 0 0 0 0 33.2299647359245 0 0 0 0 0 0 0 0 0 0 0 0 0 0 0 0 0 0 0 0 0 0 0 0 0 0 0 0 0 0 0 0 0 0 0 0 0 0 0 0 0 0 0 0 0 0 0 0 0 0 0 0 0 0 0 0 0 0 0 0 0 0 0 0 0 0 0 0 0 -241.523018088465
0 0 0 0 -27.9775581984344 0 0 0 0 0 0 0 0 0 0 0 0 0 0 0 0 0 0 0 0 45.6904669730553 0 0 0 14.0247216090563 0 0 0 0 0 0 0 0 7.61086890573807 0 0 -5.59826527483197 0 0 0 0 0 0 0 0 0 0 0 0 0 0 0 0 0 0 0 0 9.96103449246907 0 0 0 0 0 0 0 0 0 0 0 0 0 0 0 0 0 0 0 0 0 0 0 0 0 0 0 0 0 0 0 0 0 0 0 0 0 0 0 0 0 0 0 0 0 0 0 0 0 0 0 0 0 0 0 0 0 0 0 0 0 0 0 0 0 107.559388290657
0 0 0 0 0 0 0 -19.2070592775628 0 0 0 0 0 0 0 37.0347826903336 0 0 0 0 0 0 0 -16.5525478813978 0 0 0 0 0 0 0 0 0 0 0 0 0 -18.8239340699332 0 0 0 0 0 25.8963718835621 0 0 0 0 0 -24.0858220483726 0 -36.9479513826168 0 0 0 0 0 0 0 0 0 0 7.79945981173301 0 0 0 0 0 0 0 0 0 0 0 0 0 0 0 0 0 0 0 0 0 0 0 0 0 0 0 0 0 0 0 0 0 0 0 0 0 0 0 0 0 0 0 0 0 0 0 0 0 0 0 0 0 0 0 0 0 0 0 0 0 0 0 0 0 -14.6249004105718
0 0 0 -36.6712838978893 0 0 0 0 0 0 3.11201898560347 0 0 0 0 0 0 0 0 0 0 0 4.19710753039918 0 0 0 0 0 0 0 0 0 0 0 -23.3786421790191 0 0 0 0 0 0 0 0 0 0 0 8.620150991992 -26.5229432365104 0 0 -21.8950103961216 0 0 0 0 0 0 0 0 0 0 0 0 0 0 0 0 0 0 0 0 0 0 0 0 0 0 0 0 0 0 0 0 0 0 0 0 0 0 0 0 0 0 0 0 0 0 0 0 0 0 0 0 0 0 0 0 0 0 0 0 0 0 0 0 0 0 0 0 0 0 0 0 0 0 0 0 0 -334.377560462486
6.60042018654244 0 0 0 0 0 0 -4.96434076151058 0 34.4547857851621 0 0 0 0 -46.3078929176067 0 0 0 0 0 0 0 0 -30.4417803240956 0 0 0 0 -47.8668607873342 0 0 0 0 0 6.26339161859637 -44.6163340379091 0 0 0 0 0 -16.3799561550631 0 0 0 0 0 0 -4.15189145792796 0 0 0 0 0 0 0 0 0 0 0 0 37.5201355875307 18.9585950692638 0 0 0 0 0 0 0 0 0 0 0 0 0 0 0 0 0 0 0 0 0 0 0 0 0 0 0 0 0 0 0 0 0 0 0 0 0 0 0 0 0 0 0 0 0 0 0 0 0 0 0 0 0 0 0 0 0 0 0 0 0 0 0 0 0 54.9399628530242
0 0 0 0 -26.8229942867673 0 0 0 -1.1313845442526 0 0 0 0 0 0 0 15.6882665144949 0 0 0 0 0 0 0 -29.3387582393416 0 47.8668474328415 0 0 0 0 0 0 0 0 0 0 0 0 0 0 0 0 0 0 0 0 0 0 0 0 0 0 0 0 0 0 0 0 0 0 42.134924935041 0 0 0 0 0 0 0 0 0 0 0 0 0 0 0 0 0 0 0 0 0 0 0 0 0 0 0 0 0 0 0 0 0 0 0 0 0 0 0 0 0 0 0 0 0 0 0 0 0 0 0 0 0 0 0 0 0 0 0 0 0 0 0 0 0 0 6.37162357059637
0 0 -38.3920268307054 0 0 0 0 0 0 0 0 0 0 0 0 0 0 0 0 0 0 0 0 0 0 0 0 0 0 0 0 0 0 0 0 0 0 0 43.8809587212605 0 0 0 0 0 0 -8.66515839773957 -26.3031954560096 0 0 0 0 0 0 0 0 0 0 0 -47.3612703925515 0 0 0 0 0 0 0 0 0 0 0 0 0 0 0 0 0 0 0 0 0 0 0 0 0 0 0 0 0 0 0 0 0 0 0 0 0 0 0 0 0 0 0 0 0 0 0 0 0 0 0 0 0 0 0 0 0 0 0 0 0 0 0 0 0 0 0 0 0 -412.402161560293
0 0 0 0 0 0 0 0 0 11.0091046609123 41.6977942352683 14.594675426299 0 0 0 0 0 0 0 0 0 0 0 0 0 0 0 0 0 0 0 0 0 0 0 0 12.6760660079968 0 0 0 0 0 0 0 0 0 0 0 -27.974832296581 0 0 0 0 0 0 0 5.23117891223496 0 0 0 0 0 0 0 0 0 0 0 0 0 0 0 0 0 0 0 0 0 0 0 0 0 0 0 0 0 0 0 0 0 0 0 0 0 0 0 0 0 0 0 0 0 0 0 0 0 0 0 0 0 0 0 0 0 0 0 0 0 0 0 0 0 0 0 0 0 0 0 55.6753133590863
0 0 0 0 0 0 0 0 0 0 0 0 0 0 0 0 0 0 0 0 0 0 0 0 0 0 0 0 0 0 0 0 0 0 0 0 0 0 0 0 0 -3.00918968486531 0 0 0 0 8.51483628364436 0 0 0 0 2.70908154819854 0 0 0 0 0 0 0 0 0 0 0 0 0 0 0 0 0 0 0 0 0 0 0 0 0 0 0 0 0 0 0 0 0 0 0 0 0 0 0 0 0 0 0 0 0 0 0 0 0 0 0 0 0 0 0 0 0 0 0 0 0 0 0 0 0 0 0 0 0 0 0 0 0 0 0 0 34.9160473853494
0 0 0 0 0 0 0 0 0 0 0 0 0 0 0 0 0 0 24.5242978431661 0 0 0 0 0 0 0 0 0 11.8450755617622 0 0 0 0 0 0 0 0 0 0 0 0 0 0 0 0 0 0 0 0 0 7.47133947387698 0 0 0 0 0 -17.4559186529436 0 7.97171106224975 0 0 0 0 0 0 0 0 0 0 0 0 0 0 0 0 0 0 0 0 0 0 0 0 0 0 0 0 0 0 0 0 0 0 0 0 0 0 0 0 0 0 0 0 0 0 0 0 0 0 0 0 0 0 0 0 0 0 0 0 0 0 0 0 0 0 0 0 0 90.1229759404665
0 0 0 0 0 0 0 0 -45.2506341386332 0 0 0 0 0 0 0 0 0 0 0 0 0 -35.0546579746195 0 0 0 0 0 0 4.68343962399235 0 0 36.521980983105 0 0 0 0 0 0 -33.1798324971865 0 0 0 -6.3682115145781 0 0 -29.4414410935281 0 0 0 0 20.0722270358129 0 0 -24.7431016207485 0 0 0 0 0 0 -41.568333419704 0 0 0 0 0 0 0 0 0 0 0 0 0 0 0 0 0 0 0 0 0 0 0 0 0 0 0 0 0 0 0 0 0 0 0 0 0 0 0 0 0 0 0 0 0 0 0 0 0 0 0 0 0 0 0 0 0 0 0 0 0 0 0 0 0 0 -611.52891853782
0 0 0 0 0 0 0 0 -40.7070625418191 0 0 48.7778334030727 0 0 0 0 0 0 0 0 0 48.25483713713 0 0 0 0 38.3972172957059 0 26.0770266191548 0 0 0 0 0 0 0 0 0 0 0 0 0 0 -38.1488163224955 0 0 0 0 0 0 0 0 0 0 0 0 0 40.8085582584895 0 0 0 0 0 0 0 0 0 0 0 0 0 0 0 0 0 0 0 0 0 0 0 0 0 0 0 0 0 0 0 0 0 0 0 0 0 0 0 0 0 0 0 0 0 0 0 0 0 0 0 0 0 0 0 0 0 0 0 0 0 0 0 0 0 0 0 0 0 0 659.029285813417
0 0 0 0 0 0 0 0 0 0 0 0 0 0 0 0 0 0 0 0 0 0 0 0 0 0 0 0 0 0 0 0 0 0 0 0 0 0 0 -6.1983061183144 0 0 0 0 0 0 32.6630462356987 0 0 0 0 0 0 0 0 0 0 0 0 0 0 0 0 -40.9980312320261 0 0 0 0 0 0 0 0 0 0 0 0 0 0 0 0 0 0 0 0 0 0 0 0 0 0 0 0 0 0 0 0 0 0 0 0 0 0 0 0 0 0 0 0 0 0 0 0 0 0 0 0 0 0 0 0 0 0 0 0 0 0 0 0 -249.507177919241
-20.3816183773173 0 0 0 0 0 0 0 -15.8973684218776 0 0 0 0 0 0 0 0 0 0 0 -24.2104395693688 0 0 0 26.547266466165 0 0 0 1.58482731461184 0 0 0 0 0 0 0 0 0 0 0 0 0 0 0 0 0 0 0 0 0 0 0 0 -21.8919736198758 0 0 0 0 0 0 0 0 0 0 0 0 0 0 0 0 0 0 0 0 0 0 0 0 0 0 0 0 0 0 0 0 0 0 0 0 0 0 0 0 0 0 0 0 0 0 0 0 0 0 0 0 0 0 0 0 0 0 0 0 0 0 0 0 0 0 0 0 0 0 0 0 0 0 -223.014029342834
0 0 0 0 0 -3.06967498935142 0 0 0 0 0 0 0 0 0 19.8144975746469 0 0 0 0 0 0 0 0 0 0 0 0 0 0 0 0 0 0 0 0 0 -12.126703550915 0 0 0 0 0 0 0 0 0 0 0 0 18.1799400645692 0 0 0 0 0 0 0 0 0 -8.48591515975944 0 0 0 0 0 0 0 0 0 0 0 0 0 0 0 0 0 0 0 0 0 0 0 0 0 0 0 0 0 0 0 0 0 0 0 0 0 0 0 0 0 0 0 0 0 0 0 0 0 0 0 0 0 0 0 0 0 0 0 0 0 0 0 0 0 0 0 -49.2363072787859
0 0 0 0 0 0 0 0 0 0 0 0 0 0 0 0 -49.3477766050469 44.591068289619 0 0 0 0 0 0 0 0 0 0 0 0 0 0 0 0 0 0 0 0 0 33.0683238409349 0 36.9638289809877 0 0 0 0 0 0 36.2131722917181 0 0 0 0 0 0 0 0 0 0 0 2.12534273069961 0 0 0 0 0 0 0 0 0 0 0 0 0 0 0 0 0 0 0 0 0 0 0 0 0 0 0 0 0 0 0 0 0 0 0 0 0 0 0 0 0 0 0 0 0 0 0 0 0 0 0 0 0 0 0 0 0 0 0 0 0 0 0 0 0 0 0 588.602140089383
0 0 0 0 0 0 0 0 0 0 0 0 0 0 0 0 0 0 0 15.5266907242925 0 0 0 0 0 0 -37.8629737586256 0 0 0 0 0 0 0 0 0 0 21.115673669013 0 0 0 0 0 0 0 0 0 0 0 0 0 0 0 0 0 0 28.3351554449384 0 0 0 0 0 0 0 0 0 0 0 0 0 0 0 0 0 0 0 0 0 0 0 0 0 0 0 0 0 0 0 0 0 0 0 0 0 0 0 0 0 0 0 0 0 0 0 0 0 0 0 0 0 0 0 0 0 0 0 0 0 0 0 0 0 0 0 0 0 0 0 182.105919347706
-1.07474876032407 0 0 0 0 39.1449190109443 0 0 0 0 0 0 0 0 0 0 0 0 0 0 0 0 0 0 0 0 0 0 -34.4724476155854 0 0 0 0 0 25.8778808190917 0 -30.7238161847578 0 0 19.1506419567856 46.575572938427 0 0 0 0 0 0 0 0 0 0 0 -42.8855308685212 0 0 0 0 0 0 0 0 0 0 0 0 0 0 0 0 0 0 0 0 0 0 0 0 0 0 0 0 0 0 0 0 0 0 0 0 0 0 0 0 0 0 0 0 0 0 0 0 0 0 0 0 0 0 0 0 0 0 0 0 0 0 0 0 0 0 0 0 0 0 0 0 0 0 0 556.833779043431
0 0 0 0 0 0 0 0 0 0 0 0 0 0 0 0 0 0 0 40.5879644489989 0 0 0 0 0 0 0 0 0 -41.2847339461904 0 0 0 0 0 0 0 0.73026011959394 0 0 0 0 0 0 0 0 -14.6010207098528 0 0 0 0 0 0 0 0 0 0 0 0 0 0 0 0 0 0 0 0 0 0 0 0 0 0 0 0 0 0 0 0 0 0 0 0 0 0 0 0 0 0 0 0 0 0 0 0 0 0 0 0 0 0 0 0 0 0 0 0 0 0 0 0 0 0 0 0 0 0 0 0 0 0 0 0 0 0 0 0 0 -116.339867873021
0 0 0 0 0 0 0 0 0 0 0 0 0 0 0 0 0 0 -26.8623639991376 0 27.1105820454972 0 0 0 0 0 0 0 0 0 0 0 0 0 0 0 0 0 0 0 0 0 0 6.15570521528098 0 0 0 0 0 0 0 0 0 0 -20.946506134348 0 0 0 0 0 0 0 -40.9446159339612 0 0 0 0 0 0 0 0 0 0 0 0 0 0 0 0 0 0 0 0 0 0 0 0 0 0 0 0 0 0 0 0 0 0 0 0 0 0 0 0 0 0 0 0 0 0 0 0 0 0 0 0 0 0 0 0 0 0 0 0 0 0 0 0 0 -385.190168587941
2.42725886040432 0 0 -15.6868229256915 0 25.9729568637542 0 -42.0895696031771 3.78865588653491 0 0 0 0 0 0 0 0 0 0 0 0 0 0 0 0 0 0 0 18.3748204889717 0 0 0 0 0 0 0 0 0 0 0 0 0 0 0 0 0 0 0 0 26.030452520698 0 0 0 0 0 0 -7.46542172661706 0 0 0 0 0 0 0 0 0 0 0 0 0 0 0 0 0 0 0 0 0 0 0 0 0 0 0 0 0 0 0 0 0 0 0 0 0 0 0 0 0 0 0 0 0 0 0 0 0 0 0 0 0 0 0 0 0 0 0 0 0 0 0 0 0 0 0 0 0 0 0 21.6716718027049
-25.2341768879803 0 0 0 -30.8301745966629 0 0 0 -18.1106426202813 0 0 0 0 0 0 0 0 0 0 0 -10.1450970889904 0 0 0 0 0 0 -16.5863841623967 0 0 0 0 0 0 0 0 0 -24.4694930997963 0 0 0 0 0 0 0 0 0 0 0 0 8.77428395918626 14.9722749154821 0 0 0 0 0 0 -2.5902362701439 0 0 0 0 0 0 0 0 0 0 0 0 0 0 0 0 0 0 0 0 0 0 0 0 0 0 0 0 0 0 0 0 0 0 0 0 0 0 0 0 0 0 0 0 0 0 0 0 0 0 0 0 0 0 0 0 0 0 0 0 0 0 0 0 0 0 0 0 0 -618.213324967325
0 0 0 0 0 0 0 0 0 0 0 0 0 0 0 0 0 0 0 0 0 0 0 0 0 0 0 0 0 0 0 -19.8940708323101 0 0 0 12.2900826761683 0 39.1004503418311 0 0 0 0 0 0 0 0 0 0 0 0 0 37.4331821443712 0 0 0 0 0 0 0 33.1263181695048 0 0 0 0 0 0 0 0 0 0 0 0 0 0 0 0 0 0 0 0 0 0 0 0 0 0 0 0 0 0 0 0 0 0 0 0 0 0 0 0 0 0 0 0 0 0 0 0 0 0 0 0 0 0 0 0 0 0 0 0 0 0 0 0 0 0 0 0 659.124610656673
0 0 0 0 0 0 0 0 0 0 0 0 0 0 0 28.6304751624753 3.06390713807186 0 0 0 -48.9780360318766 0 0 0 0 0 0 0 0 0 0 0 -10.5297788449177 0 0 0 0 0 0 0 0 0 37.9597146646777 0 0 0 0 0 0 -48.2055932676509 0 -38.7956525307593 0 0 0 0 0 0 0 0 0 0 0 -30.8731042138333 0 0 0 0 0 0 0 0 0 0 0 0 0 0 0 0 0 0 0 0 0 0 0 0 0 0 0 0 0 0 0 0 0 0 0 0 0 0 0 0 0 0 0 0 0 0 0 0 0 0 0 0 0 0 0 0 0 0 0 0 0 0 0 0 -423.734453743377
0 0 0 14.1264974137725 -2.24855631705786 -27.5170810634601 0 0 0 0 0 0 0 0 0 0 0 0 0 0 0 2.67088160664073 0 0 0 0 0 0 0 0 0 0 0 0 0 0 0 0 0 18.1434682068667 0 0 0 0 24.4212351238479 31.8270354848802 0 42.0400053429195 0 0 0 0 0 0 0 0 0 0 35.7926085124985 0 0 0 0 0 0 0 0 0 0 0 0 0 0 0 0 0 0 0 0 0 0 0 0 0 0 0 0 0 0 0 0 0 0 0 0 0 0 0 0 0 0 0 0 0 0 0 0 0 0 0 0 0 0 0 0 0 0 0 0 0 0 0 0 0 0 0 0 0 775.824429138536
0 0 0 0 0 0 0 0 0 0 0 0 0 0 2.51686603357224 0 0 0 0 0 0 0 0 0 0 -32.4218455504906 0 0 0 0 0 0 0 0 4.55641466100266 0 0 0 0 39.431594423663 0 0 0 0 0 0 0 0 0 0 0 0 0 0 0 0 0 0 0 0 0 0 0 0 0 0 0 0 0 0 0 0 0 0 0 0 0 0 0 0 0 0 0 0 0 0 0 0 0 0 0 0 0 0 0 0 0 0 0 0 0 0 0 0 0 0 0 0 0 0 0 0 0 0 0 0 0 0 0 0 0 0 0 0 0 0 0 0 93.3420411325156
0 0 4.97013763466972 0 0 0 0 -18.4168798886605 0 0 0 0 0 0 0 0 0 0 0 0 0 0 6.68299006151628 0 0 0 0 0 0 0 0 0 0 -0.694488543436045 0 0 0 0 0 0 0 0 0 0 0 -27.4137956488064 0 0 0 0 0 0 0 0 0 0 0 0 0 0 0 0 0 0 0 0 0 0 0 0 0 0 0 0 0 0 0 0 0 0 0 0 0 0 0 0 0 0 0 0 0 0 0 0 0 0 0 0 0 0 0 0 0 0 0 0 0 0 0 0 0 0 0 0 0 0 0 0 0 0 0 0 0 0 0 0 0 0 -283.166463868329
49.7234829420757 0 0 0 0 0 0 0 0 0 0 0 0 0 0 49.1680529871255 0 0 0 0 0 0 0 0 0 0 0 0 33.0831198839054 0 27.1511833711959 0 0 0 0 0 0 30.73140375541 13.7329448590212 0 0 -35.8516553758476 0 0 0 0 0 0 0 0 0 0 0 0 41.1436177343981 -23.0320164494224 0 0 0 0 0 0 49.2148998289614 0 0 0 0 0 0 0 0 0 0 0 0 0 0 0 0 0 0 0 0 0 0 0 0 0 0 0 0 0 0 0 0 0 0 0 0 0 0 0 0 0 0 0 0 0 0 0 0 0 0 0 0 0 0 0 0 0 0 0 0 0 0 0 0 0 1425.89574796566
0 0 0 0 0 0 0 0 -4.12470240382695 0 0 0 0 0 0 0 0 0 0 0 0 0 0 0 0 0 0 0 0 0 0 0 0 0 0 0 0 0 0 0 0 0 0 0 0 0 0 0 0 0 0 0 0 0 0 0 0 13.5600204897762 0 0 0 0 0 0 0 0 0 0 0 0 0 0 0 0 0 0 0 0 0 0 0 0 0 0 0 0 0 0 0 0 0 0 0 0 0 0 0 0 0 0 0 0 0 0 0 0 0 0 0 0 0 0 0 0 0 0 0 0 0 0 0 0 0 0 0 0 0 0 88.875288826208
0 0 0 0 0 0 0 0 0 0 0 0 16.0483334989734 0 -44.5907553280843 0 -45.7084813746637 0 0 -22.2575769362384 0 0 0 0 0 0 0 0 0 0 0 0 0 0 0 0 0 -42.575376520433 0 0 0 0 0 0 0 0 0 0 0 13.2197192909874 -15.2609522580619 0 0 0 0 0 0 0 0 0 0 6.40498216205391 0 -49.6695431584692 0 0 0 0 0 0 0 0 0 0 0 0 0 0 0 0 0 0 0 0 0 0 0 0 0 0 0 0 0 0 0 0 0 0 0 0 0 0 0 0 0 0 0 0 0 0 0 0 0 0 0 0 0 0 0 0 0 0 0 0 0 0 0 0 -1052.82332968776
0 0 0 -42.5082283479756 0 0 0 0 25.0817362008306 0 0 0 0 0 0 0 0 0 0 0 0 -44.9583593664877 0 0 0 0 1.51757522822068 0 0 0 0 0 0 0 0 0 0 0 0 0 0 0 0 0 0 0 0 0 -32.4833901452988 0 0 0 26.2926842670822 0 0 0 0 0 9.57123748741728 0 0 0 0 0 0 0 0 0 0 0 0 0 0 0 0 0 0 0 0 0 0 0 0 0 0 0 0 0 0 0 0 0 0 0 0 0 0 0 0 0 0 0 0 0 0 0 0 0 0 0 0 0 0 0 0 0 0 0 0 0 0 0 0 0 0 0 0 0 -480.889473499406
0 0 0 0 0 0 0 0 0 0 0 0 39.5797349199084 0 0 0 0 0 0 0 0 0 0 0 0 0 0 32.12913570907 0 16.8522380037954 0 0 0 0 0 0 0 0 0 0 0 0 0 0 0 0 0 0 0 0 0 12.1474937522372 48.8674354843775 0 0 0 0 0 0 0 0 0 0 0 0 0 0 0 0 0 0 0 0 0 0 0 0 0 0 0 0 0 0 0 0 0 0 0 0 0 0 0 0 0 0 0 0 0 0 0 0 0 0 0 0 0 0 0 0 0 0 0 0 0 0 0 0 0 0 0 0 0 0 0 0 0 0 0 639.204573754972
7.85383441799272 0 0 0 0 0 0 0 0 0 0 0 0 0 0 0 0 0 0 0 0 0 0 0 0 0 -1.01302737105867 0 0 0 0 0 0 0 0 0 0 0 0 0 0 0 0 0 0 0 0 0 0 0 0 0 0 0 0 16.2041496255925 0 0 0 30.9445702912244 0 0 0 0 0 0 0 0 0 0 0 0 0 0 0 0 0 0 0 0 0 0 0 0 0 0 0 0 0 0 0 0 0 0 0 0 0 0 0 0 0 0 0 0 0 0 0 0 0 0 0 0 0 0 0 0 0 0 0 0 0 0 0 0 0 0 0 0 362.886519822259
0 0 0 0 0 0 0 0 -35.2693628462017 0 0 0 -39.3560304243384 0 0 48.1343391534576 0 0 0 0 0 0 0 0 0 0 0 0 0 0 0 32.5988759619756 0 0 0 0 0 0 0 0 0 0 0 22.269963909353 0 0 0 0 0 0 0 0 0 0 0 0 0 -31.9177229786014 0 0 0 0 0 0 0 0 0 0 0 0 0 0 0 0 0 0 0 0 0 0 0 0 0 0 0 0 0 0 0 0 0 0 0 0 0 0 0 0 0 0 0 0 0 0 0 0 0 0 0 0 0 0 0 0 0 0 0 0 0 0 0 0 0 0 0 0 0 0 -76.6774865836371
0 0 0 0 0 0 0 0 0 0 0 0 0 0 0 0 0 0 0 0 0 0 0 0 0 0 0 -42.8539654063001 0 -41.4917501661424 0 29.0829878782044 0 0 0 0 0 0 0 0 0 0 0 0 -19.1545151901375 0 0 0 0 0 0 0 0 0 0 0 0 16.3145429622367 29.5209610897574 0 0 0 0 11.7253401489226 0 0 0 0 0 0 0 0 0 0 0 0 0 0 0 0 0 0 0 0 0 0 0 0 0 0 0 0 0 0 0 0 0 0 0 0 0 0 0 0 0 0 0 0 0 0 0 0 0 0 0 0 0 0 0 0 0 0 0 0 0 0 0 0 200.879261693793
0 0 0 0 0 0 0 6.23876808644535 0 0 0 0 0 0 0 0 0 0 0 0 0 0 0 0 0 0 0 0 0 0 0 0 0 0 0 0 0 33.5306346272765 0 0 0 0 0 0 -4.46796467500197 0 0 0 -32.037533285726 0 0 0 0 0 0 0 0 0 0 0 0 0 0 0 0 0 0 0 0 0 0 0 0 0 0 0 0 0 0 0 0 0 0 0 0 0 0 0 0 0 0 0 0 0 0 0 0 0 0 0 0 0 0 0 0 0 0 0 0 0 0 0 0 0 0 0 0 0 0 0 0 0 0 0 0 0 0 0 62.9675679137771
0 0 0 0 0 0 0 0 0 0 0 0 0 0 0 0 0 0 0 0 0 0 0 0 0 0 -48.9735921098725 40.8901026341303 0 0 0 0 0 15.9680428889843 0 0 0 0 0 0 0 0 -12.6882648045131 0 0 0 0 0 0 0 0 0 0 0 11.8903694243272 0 0 0 0 0 -33.7177150667792 0 0 0 0 0 0 0 0 0 0 0 0 0 0 0 0 0 0 0 0 0 0 0 0 0 0 0 0 0 0 0 0 0 0 0 0 0 0 0 0 0 0 0 0 0 0 0 0 0 0 0 0 0 0 0 0 0 0 0 0 0 0 0 0 0 0 0 -109.511307934062
0 0 0 0 0 0 -35.9472761971646 0 0 0 0 0 0 0 0 0 0 0 0 0 0 0 0 0 0 0 0 0 0 -36.7980436501254 0 0 0 0 0 0 45.929566230651 0 0 0 0 0 0 0 0 0 0 0 0 0 0 0 0 0 0 0 0 0 0 0 0 0 0 0 0 0 0 0 0 0 0 0 0 0 0 0 0 0 0 0 0 0 0 0 0 0 0 0 0 0 0 0 0 0 0 0 0 0 0 0 0 0 0 0 0 0 0 0 0 0 0 0 0 0 0 0 0 0 0 0 0 0 0 0 0 0 0 0 -206.970056648357
0 0 11.085003474012 0 0 0 0 0 0 0 0 0 0 0 0 0 0 0 0 0 0 0 0 0 0 0 -17.9819445381397 0 0 0 0 0 0 0 0 0 -21.3507179162138 0 0 0 0 0 0 0 0 0 0 0 0 0 0 0 0 0 0 0 0 0 -39.8881518513574 0 0 20.4497246238583 0 0 0 0 0 0 0 0 0 0 0 0 0 0 0 0 0 0 0 0 0 0 0 0 0 0 0 0 0 0 0 0 0 0 0 0 0 0 0 0 0 0 0 0 0 0 0 0 0 0 0 0 0 0 0 0 0 0 0 0 0 0 0 0 0 0 19.1213148807781
0 0 0 0 0 0 0 0 0 0 0 0 0 0 0 0 0 0 0 0 0 0 0 0 0 0 0 0 0 0 0 0 0 0 0 0 0 0 36.5177006956834 0 0 0 0 0 0 -48.9610349890746 17.5882535830281 0 0 0 0 0 0 0 -32.9029397717099 0 0 0 0 0 0 6.93993696380228 0 0 0 0 0 0 0 0 0 0 0 0 0 0 0 0 0 0 0 0 0 0 0 0 0 0 0 0 0 0 0 0 0 0 0 0 0 0 0 0 0 0 0 0 0 0 0 0 0 0 0 0 0 0 0 0 0 0 0 0 0 0 0 0 0 0 -415.566793440654
25.751339920056 0 0 0 0 0 0 0 0 0 0 0 0 0 0 -34.046223885159 0 0 0 0 0 0 0 0 0 0 0 0 0 0 0 0 0 0 0 0 0 0 0 0 0 0 -0.0755233447920056 0 0 0 0 0 0 0 0 -43.0667899783106 0 0 0 0 0 0 0 0 0 0 0 -37.6237617390607 0 0 0 0 0 0 0 0 0 0 0 0 0 0 0 0 0 0 0 0 0 0 0 0 0 0 0 0 0 0 0 0 0 0 0 0 0 0 0 0 0 0 0 0 0 0 0 0 0 0 0 0 0 0 0 0 0 0 0 0 0 0 0 0 -542.067715771396
0 0 0 0 0 0 0 0 0 0 15.9301569702001 0 0 0 0 0 0 0 0 0 0 0 0 0 0 0 0 0 0 -1.50040947127186 0 0 0 0 0 0 0 0 0 0 0 -0.285028007109056 0 0 0 0 0 0 0 -14.0822494235767 0 0 0 0 -35.0981407694751 20.0564810533263 0 0 0 0 0 0 0 0 0 0 0 0 0 0 0 0 0 0 0 0 0 0 0 0 0 0 0 0 0 0 0 0 0 0 0 0 0 0 0 0 0 0 0 0 0 0 0 0 0 0 0 0 0 0 0 0 0 0 0 0 0 0 0 0 0 0 0 0 0 0 0 0 -61.9740335065392
-48.7001423508566 0 0 0 0 0 0 0 0 -33.0209851409486 0 0 0 0 0 0 -33.38681441916 0 0 0 0 0 0 0 0 0 42.5943521098118 0 0 0 0 0 0 0 0 20.831832984567 0 0 0 0 0 0 0 0 0 0 0 0 0 0 0 0 -33.978124077625 0 0 0 0 0 0 0 0 0 0 0 0 0 0 0 0 0 0 0 0 0 0 0 0 0 0 0 0 0 0 0 0 0 0 0 0 0 0 0 0 0 0 0 0 0 0 0 0 0 0 0 0 0 0 0 0 0 0 0 0 0 0 0 0 0 0 0 0 0 0 0 0 0 0 0 -701.326323963453
0 0 0 0 0 0 0 -17.8825457458048 0 0 0 0 0 0 0 0 19.0760258206714 0 0 -4.80224479587611 0 0 0 0 0 0 0 0 -47.5168021822451 0 0 0 0 0 0 0 0 0 0 0 0 0 -16.0570560570508 0 0 0 0 0 0 28.3408422089954 0 0 0 0 0 0 0 0 0 0 0 0 -8.60998695828615 0 0 0 0 0 0 0 0 0 0 0 0 0 0 0 0 0 0 0 0 0 0 0 0 0 0 0 0 0 0 0 0 0 0 0 0 0 0 0 0 0 0 0 0 0 0 0 0 0 0 0 0 0 0 0 0 0 0 0 0 0 0 0 0 0 -106.697430180899
24.3502232152169 0 0 0 0 0 0 0 -7.26312319630278 0 18.4607567787983 0 0 0 0 0 0 0 0 0 0 0 40.5401739969647 0 0 0 0 0 0 0 0 0 0 27.7065514771114 0 0 0 0 0 0 0 0 0 0 0 0 0 0 0 0 0 0 -3.83394310012858 0 -6.09464328261571 0 0 0 0 0 0 0 0 0 0 0 0 0 0 0 0 0 0 0 0 0 0 0 0 0 0 0 0 0 0 0 0 0 0 0 0 0 0 0 0 0 0 0 0 0 0 0 0 0 0 0 0 0 0 0 0 0 0 0 0 0 0 0 0 0 0 0 0 0 0 0 0 0 604.735572374288
0 0 0 0 0 0 0 0 0 0 0 0 0 0 0 0 0 0 0 0 0 0 0 0 0 0 0 0 0 0 0 0 0 0 0 0 0 0 -49.5373943343581 0 0 0 0 0 0 0 0 0 0 0 0 0 0 0 0 35.7548965197027 0 0 0 -6.92836343285254 0 0 0 0 0 0 0 0 0 0 0 0 0 0 0 0 0 0 0 0 0 0 0 0 0 0 0 0 0 0 0 0 0 0 0 0 0 0 0 0 0 0 0 0 0 0 0 0 0 0 0 0 0 0 0 0 0 0 0 0 0 0 0 0 0 0 0 0 7.95477861841209
0 0 21.1898528771456 0 0 0 -13.9953219883862 0 0 0 0 28.1438654098105 0 0 0 0 0 0 0 0 10.5047515697701 0 0 0 0 0 0 0 0 0 4.19611246109383 0 0 0 0 0 0 0 0 0 0 0 0 0 0 0 0 0 0 11.7067810124114 0 0 0 0 0 0 0 0 0 0 0 0 -36.2454960523757 0 0 0 0 0 0 0 0 0 0 0 0 0 0 0 0 0 0 0 0 0 0 0 0 0 0 0 0 0 0 0 0 0 0 0 0 0 0 0 0 0 0 0 0 0 0 0 0 0 0 0 0 0 0 0 0 0 0 0 0 0 0 0 0 0 62.0458889213451
0 0 0 0 0 0 0 0 0 0 0 0 0 0 0 0 0 0 0 0 0 0 0 0 0 0 0 18.180023531319 0 0 0 -1.66998909345527 0 0 0 0 0 0 0 0 0 23.4459283823036 0 0 0 0 0 0 0 0 0 0 -12.438346586641 0 0 0 0 0 0 0 -0.428523722697194 0 22.432286756412 0 0 0 0 0 0 0 0 0 0 0 0 0 0 0 0 0 0 0 0 0 0 0 0 0 0 0 0 0 0 0 0 0 0 0 0 0 0 0 0 0 0 0 0 0 0 0 0 0 0 0 0 0 0 0 0 0 0 0 0 0 0 0 0 0 267.827383426539
0 0 48.7628221601753 0 0 0 0 33.2072973252585 0 0 0 0 0 0 0 0 0 0 0 0 0 0 0 0 0 49.6369637301414 0 0 0 0 0 0 0 0 47.2268864768483 0 10.9569686853128 0 0 0 0 0 0 0 0 0 0 0 0 0 0 0 0 0 0 0 0 0 0 0 0 0 0 0 0 0 0 0 0 0 0 0 0 0 0 0 0 0 0 0 0 0 0 0 0 0 0 0 0 0 0 0 0 0 0 0 0 0 0 0 0 0 0 0 0 0 0 0 0 0 0 0 0 0 0 0 0 0 0 0 0 0 0 0 0 0 0 0 807.797125877807
0 0 0 0 0 -25.0193700817269 0 0 0 0 0 0 0 0 0 0 45.8812819832079 0 45.4765784864974 0 0 0 0 0 0 0 0 0 0 0 16.1784310581092 0 0 0 0 0 0 0 0 0 0 -9.11035190931231 0 0 0 0 0 0 -40.5951940716375 0 0 0 0 -39.5444080410958 0 0 46.1226593364566 42.6887178613014 0 0 0 0 0 0 0 0 0 0 0 0 0 0 0 0 0 0 0 0 0 0 0 0 0 0 0 0 0 0 0 0 0 0 0 0 0 0 0 0 0 0 0 0 0 0 0 0 0 0 0 0 0 0 0 0 0 0 0 0 0 0 0 0 0 0 0 0 0 0 138.535895322422
0 0 0 0 0 0 0 0 0 0 0 34.9967065692377 0 0 0 0 0 0 0 0 -48.5316143899648 0 0 0 0 0 0 0 0 0 0 0 0 0 0 0 0 -1.49838838078571 0 0 0 0 0 0 0 0 0 0 0 0 0 0 6.32842843409935 0 0 21.1241991150056 0 0 0 0 -18.8346180093901 0 0 0 0 0 0 0 0 0 0 0 0 0 0 0 0 0 0 0 0 0 0 0 0 0 0 0 0 0 0 0 0 0 0 0 0 0 0 0 0 0 0 0 0 0 0 0 0 0 0 0 0 0 0 0 0 0 0 0 0 0 0 0 0 0 0 0 119.50333565825
0 0 0 0 0 0 0 0 0 0 14.2873237510151 0 -7.80008013181318 0 13.2169697178351 0 0 0 0 0 0 0 0 0 -25.824985987426 0 0 0 0 0 26.341460546854 0 0 0 0 0 0 0 0 0 0 0 0 0 0 0 0 0 0 0 0 0 0 0 0 0 0 0 0 0 0 0 0 0 0 0 0 0 0 0 0 0 0 0 0 0 0 0 0 0 0 0 0 0 0 0 0 0 0 0 0 0 0 0 0 0 0 0 0 0 0 0 0 0 0 0 0 0 0 0 0 0 0 0 0 0 0 0 0 0 0 0 0 0 0 0 0 0 -27.8115946058383
-1.99238043593529 0 0 -15.7514791743829 0 0 0 0 0 0 -36.7511697772171 0 0 13.2275614274266 -4.21221083785334 0 0 0 0 0 -46.5767556904583 0 0 0 0 0 0 0 0 0 0 0 0 1.20770246077081 0 0 0 0 0 0 0 0 0 0 0 0 -49.7374046594658 0 0 0 0 0 0 0 0 0 0 -48.3382697850431 0 0 0 0 0 0 0 0 0 0 0 0 0 0 0 0 0 0 0 0 0 0 0 0 0 0 0 0 0 0 0 0 0 0 0 0 0 0 0 0 0 0 0 0 0 0 0 0 0 0 0 0 0 0 0 0 0 0 0 0 0 0 0 0 0 0 0 0 0 0 -737.666538817495
0 0 9.35633486604355 0 0 0 21.1021207375808 0 0 0 0 0 0 0 0 0 0 0 0 0 0 -26.6906463721487 0 0 26.9298509812239 0 -25.7510718931122 0 0 0 0 16.8030000245726 0 0 0 0 0 0 0 0 0 0 0 0 0 0 0 0 0 0 0 0 -35.5508584526604 0 0 0 0 0 0 0 0 0 2.73144274015235 0 0 0 0 0 0 0 0 0 0 0 0 0 0 0 0 0 0 0 0 0 0 0 0 0 0 0 0 0 0 0 0 0 0 0 0 0 0 0 0 0 0 0 0 0 0 0 0 0 0 0 0 0 0 0 0 0 0 0 0 0 0 0 0 0 143.817535781162
0 0 0 0 0 0 0 0 0 0 0 0 0 0 0 0 0 -28.9930977712094 0 0 0 0 0 0 0 0 0 0 0 0 0 0 0 0 0.744308411440264 0.34775788815582 0 0 0 0 0 0 0 0 0 0 0 0 0 0 0 0 0 0 0 2.85823402854848 0 0 0 0 0 0 0 0 0 0 0 0 0 0 0 0 0 0 0 0 0 0 0 0 0 0 0 0 0 0 0 0 0 0 0 0 0 0 0 0 0 0 0 0 0 0 0 0 0 0 0 0 0 0 0 0 0 0 0 0 0 0 0 0 0 0 0 0 0 0 0 0 -134.665211912811
0 0 0 0 0 0 0 0 0 31.4493996219939 0 0 0 0 0 0 0 0 0 0 0 0 0 27.8233453288802 0 0 0 0 0 10.3987986804057 0 43.1641983607861 0 0 0 0 0 0 0 0 0 0 0 0 0 15.47142590782 0 0 0 0 0 0 0 0 0 0 0 0 0 0 0 0 0 0 0 0 0 0 0 0 0 0 0 0 0 0 0 0 0 0 0 0 0 0 0 0 0 0 0 0 0 0 0 0 0 0 0 0 0 0 0 0 0 0 0 0 0 0 0 0 0 0 0 0 0 0 0 0 0 0 0 0 0 0 0 0 0 0 796.897836271895
0 0 0 0 0 0 0 0 0 0 0 0 0 0 0 0 0 0 -41.0554509078487 0 0 0 0 0 0 0 0 0 0 0 0 0 0 0 0 0 0 0 -42.687519486128 0 0 0 0 0 0 0 0 29.3401834321539 0 0 0 0 0 -7.58842574186495 0 0 0 0 0 0 0 0 0 0 0 0 0 0 0 0 0 0 0 0 0 0 0 0 0 0 0 0 0 0 0 0 0 0 0 0 0 0 0 0 0 0 0 0 0 0 0 0 0 0 0 0 0 0 0 0 0 0 0 0 0 0 0 0 0 0 0 0 0 0 0 0 0 0 -184.827919330816
0 0 0 0 0 0 0 0 0 0 0 0 0 0 0 0 0 0 0 0 0 0 0 0 0 0 0 0 0 0 0 0 0 0 0 0 0 0 0 0 0 0 0 0 0 0 0 0 0 0 0 0 0 0 0 0 -26.4164558904585 0 0 0 0 0 0 0 0 0 0 0 0 0 0 0 0 0 0 0 0 0 0 0 0 0 0 0 0 0 0 0 0 0 0 0 0 0 0 0 0 0 0 0 0 0 0 0 0 0 0 0 0 0 0 0 0 0 0 0 0 0 0 0 0 0 0 0 0 0 0 0 -53.8682742681417
0 0 0 0 0 0 0 0 0 0 0 0 0 0 25.3405964994058 0 0 6.4115110211951 16.1037599807163 0 0 0 0 -35.6428779287328 0 0 0 0 0 0 0 0 0 0 0 12.1446616848914 0 4.36789641269935 0 0 0 0 0 0 0 0 0 0 0 0 0 0 0 0 43.3728913193523 -49.9787838203908 0 0 0 0 0 0 0 -41.6443215829502 0 0 0 0 0 0 0 0 0 0 0 0 0 0 0 0 0 0 0 0 0 0 0 0 0 0 0 0 0 0 0 0 0 0 0 0 0 0 0 0 0 0 0 0 0 0 0 0 0 0 0 0 0 0 0 0 0 0 0 0 0 0 0 0 -328.895319321645
0 0 0 0 0 0 0 0 0 15.0149198641733 0 0 0 0 0 0 -4.15550046947577 0 0 0 0 0 0 0 0 0 -14.9333138120387 0 0 0 0 0 -0.489313092718147 0 0 0 0 0 0 0 0 0 -25.7496984238069 0 0 0 0 0 0 0 0 0 0 0 0 0 -19.5083470814748 0 -41.8848464120712 40.1677117044033 0 0 0 0 0 0 0 0 0 0 0 0 0 0 0 0 0 0 0 0 0 0 0 0 0 0 0 0 0 0 0 0 0 0 0 0 0 0 0 0 0 0 0 0 0 0 0 0 0 0 0 0 0 0 0 0 0 0 0 0 0 0 0 0 0 0 0 0 104.063767622256
0 0 0 0 0 0 0 0 6.76346910073713 0 0 0 0 0 0 0 -36.9479817673699 0 0 0 0 0 0 0 -0.161669933103537 0 0 0 0 0 0 0 0 0 0 0 0 0 0 0 0 -1.43081744108285 0 0 -7.23446907897323 0 -10.2619074692265 0 0 0 0 0 0 0 -5.21018331851942 0 25.36223150852 0 0 0 0 0 0 0 0 0 0 0 0 0 0 0 0 0 0 0 0 0 0 0 0 0 0 0 0 0 0 0 0 0 0 0 0 0 0 0 0 0 0 0 0 0 0 0 0 0 0 0 0 0 0 0 0 0 0 0 0 0 0 0 0 0 0 0 0 0 0 0 -289.273162337611
0 0 0 0 0 0 0 0 0 0 0 0 0 0 0 -5.26197327692541 0 0 0 0 -49.830410399398 0 -24.9666461044108 0 0 0 0 0 0 0 -1.19366518067926 0 0 0 12.4085499158513 0 0 0 -22.1413478153914 -17.0896646585981 -38.6974337405613 0 0 0 0 0 26.9039543068456 0 0 0 0 -2.93331734322431 0 0 0 0 0 0 0 0 0 0 0 0 0 0 0 0 0 0 0 0 0 0 0 0 0 0 0 0 0 0 0 0 0 0 0 0 0 0 0 0 0 0 0 0 0 0 0 0 0 0 0 0 0 0 0 0 0 0 0 0 0 0 0 0 0 0 0 0 0 0 0 0 0 0 0 0 -524.436307887856
0 10.4372232951697 0 0 0 0 0 0 0 0 0 0 0 0 5.16428505804714 0 0 0 0 0 0 0 0 0 18.9835076310556 0 0 0 0 0 0 1.93372418429466 0 0 0 0 0 0 0 0 0 0 0 0 0 0 0 0 -35.5273893957042 0 0 0 0 0 0 0 0 0 0 -12.3815432006172 0 0 0 0 0 0 0 0 0 0 0 0 0 0 0 0 0 0 0 0 0 0 0 0 0 0 0 0 0 0 0 0 0 0 0 0 0 0 0 0 0 0 0 0 0 0 0 0 0 0 0 0 0 0 0 0 0 0 0 0 0 0 0 0 0 0 0 0 -103.250262700554
0 0 0 0 0 0 0 0 0 0 -29.5507355081203 0 0 0 0 0 0 0 0 -46.8902322695194 0 0 0 0 0 -27.4516574699521 0 0 0 -25.4536551455211 0 0 0 0 0 0 0 0 0 0 0 0 0 0 0 0 0 0 0 0 0 0 0 0 0 -32.0829265729161 0 0 0 0 0 0 0 0 0 0 0 0 0 0 0 0 0 0 0 0 0 0 0 0 0 0 0 0 0 0 0 0 0 0 0 0 0 0 0 0 0 0 0 0 0 0 0 0 0 0 0 0 0 0 0 0 0 0 0 0 0 0 0 0 0 0 0 0 0 0 0 0 -471.764216149354
0 0 0 0 0 0 0 0 32.642836903282 0 0 10.2015241084245 0 20.7353735621054 0 0 0 0 0 0 0 0 3.06274816871608 0 0 0 0 -12.206543149541 0 0 0 0 0 0 0 0 0 0 0 0 0 0 0 0 0 -0.773202294816711 0 0 0 0 0 0 0 0 -16.8450740013973 0 0 0 0 0 0 0 0 0 0 0 0 0 0 0 0 0 0 0 0 0 0 0 0 0 0 0 0 0 0 0 0 0 0 0 0 0 0 0 0 0 0 0 0 0 0 0 0 0 0 0 0 0 0 0 0 0 0 0 0 0 0 0 0 0 0 0 0 0 0 0 0 0 258.009120455246
14.0920269158425 0 42.653382951093 0 0 0 0 0 0 0 0 0 0 0 0 0 0 0 0 0 0 0 0 0 0 0 0 0 0 0 0 14.0440336715457 0 0 0 0 0 0 0 0 12.2924266976446 0 0 0 0 0 0 0 23.2061935330715 0 0 0 0 8.38612960584094 0 0 0 0 0 0 0 0 0 0 0 0 0 0 0 0 0 0 0 0 0 0 0 0 0 0 0 0 0 0 0 0 0 0 0 0 0 0 0 0 0 0 0 0 0 0 0 0 0 0 0 0 0 0 0 0 0 0 0 0 0 0 0 0 0 0 0 0 0 0 0 0 0 0 737.69164423757
0 0 0 0 0 0 0 0 0 0 0 0 0 38.729222822498 0 0 0 0 0 0 14.6511422827868 0 0 0 0 -23.7708709886071 0 -38.5655422109838 0 0 0 0 0 0 0 0 0 0 0 0 0 0 0 0 0 0 0 0 0 0 0 0 42.1377832316757 0 0 0 -46.8687183965201 0 0 0 -14.4721667052432 0 0 0 0 0 0 0 0 0 0 0 0 0 0 0 0 0 0 0 0 0 0 0 0 0 0 0 0 0 0 0 0 0 0 0 0 0 0 0 0 0 0 0 0 0 0 0 0 0 0 0 0 0 0 0 0 0 0 0 0 0 0 0 0 0 0 0 166.925342703641
0 0 0 0 0 0 0 6.32725171501782 0 0 0 0 0 0 0 0 0 0 0 0 0 0 0 0 0 0 -3.01237662163677 0 0 0 0 0 0 0 0 0 0 0 0 0 0 0 2.27585800592345 0 0 0 0 0 0 0 0 0 0 0 0 0 0 0 0 0 -4.22211599316025 0 0 0 0 0 0 0 0 0 0 0 0 0 0 0 0 0 0 0 0 0 0 0 0 0 0 0 0 0 0 0 0 0 0 0 0 0 0 0 0 0 0 0 0 0 0 0 0 0 0 0 0 0 0 0 0 0 0 0 0 0 0 0 0 0 0 0 -2.41399438735262
0 0 0 0 0 0 0 0 0 0 0 0 0 0 0 22.744813689216 17.0984061746891 0 0 0 49.3703836037597 0 0 0 0 0 47.0171693149258 0 0 0 0 0 0 0 0 0 0 0 0 0 0 0 0 0 0 0 0 0 0 0 0 0 -4.26853923113435 0 0 0 0 0 0 0 -42.3705559368537 0 0 0 0 0 0 0 0 0 0 0 0 0 0 0 0 0 0 0 0 0 0 0 0 0 0 0 0 0 0 0 0 0 0 0 0 0 0 0 0 0 0 0 0 0 0 0 0 0 0 0 0 0 0 0 0 0 0 0 0 0 0 0 0 0 0 0 182.414082806269
0 0 0 0 0 0 0 0 0 0 0 0 0 0 38.2199498732362 0 0 0 -29.2758416501256 0 0 46.3340146442842 0 0 0 42.4838221629872 0 0 0 0 -10.8834937048365 0 0 0 -46.9497057767746 0 0 0 0 0 0 0 0 0 0 15.3978433650948 0 0 0 0 0 0 0 0 0 0 0 0 0 0 0 0 0 0 0 0 0 0 0 0 0 0 0 0 0 0 0 0 0 0 0 0 0 0 0 0 0 0 0 0 0 0 0 0 0 0 0 0 0 0 0 0 0 0 0 0 0 0 0 0 0 0 0 0 0 0 0 0 0 0 0 0 0 0 0 0 0 0 314.892584686996
0 0 0 0 0 0 0 0 0 0 0 0 0 0 0 0 0 0 0 0 0 0 0 0 0 0 0 0 0 0 0 0 0 0 29.2306567132521 0 0 0 0 0 0 0 0 0 0 0 0 0 0 0 0 0 0 0 0 0 0 0 0 0 0 0 45.6344224958808 0 0 0 0 0 0 0 0 0 0 0 0 0 0 0 0 0 0 0 0 0 0 0 0 0 0 0 0 0 0 0 0 0 0 0 0 0 0 0 0 0 0 0 0 0 0 0 0 0 0 0 0 0 0 0 0 0 0 0 0 0 0 0 0 0 462.729381892895
0 0 0 0 0 0 0 0 0 0 0 5.55209539690439 0 0 0 0 0 0 0 0 0 0 0 0 0 0 0 0 0 0 0 0 0 0 0 0 0 0 0 0 15.4645591397893 0 0 0 0 0 0 0 0 0 0 0 0 0 -27.6852659480402 0 0 0.0970077552346682 0 0 0 0 0 0 0 0 0 0 0 0 0 0 0 0 0 0 0 0 0 0 0 0 0 0 0 0 0 0 0 0 0 0 0 0 0 0 0 0 0 0 0 0 0 0 0 0 0 0 0 0 0 0 0 0 0 0 0 0 0 0 0 0 0 0 0 0 0 0 -13.1047849289309
12.6863878264267 0 -15.2558226523305 0 0 0 0 0 0 0 0 0 0 8.32836578453814 -34.5733018478364 0 -42.0490976145382 8.73910534098371 0 0 -13.7353511504748 0 0 -28.7009829187355 0 0 0 0 0 0 0 0 0 0 0 0 0 0 0 0 0 0 0 0 0 0 0 0 0 -42.9966478073531 0 0 0 0 0 0 0 0 0 0 0 0 0 0 0 0 0 0 0 0 0 0 0 0 0 0 0 0 0 0 0 0 0 0 0 0 0 0 0 0 0 0 0 0 0 0 0 0 0 0 0 0 0 0 0 0 0 0 0 0 0 0 0 0 0 0 0 0 0 0 0 0 0 0 0 0 0 0 -371.504115700719
0 -2.27700884495836 0 0 0 0 0 0 0 0 0 0 0 0 0 0 0 0 0 0 0 0 0 0 0 22.4746797040854 0 0 0 0 0 0 -25.1793554054843 0 0 0 0 0 0 0 0 0 0 0 0 -31.2225732170276 0 0 0 0 0 -44.8143786483858 0 0 -6.38348989670459 0 0 0 0 -26.9988968261595 0 -6.02278718368852 0 0 0 0 0 0 0 0 0 0 0 0 0 0 0 0 0 0 0 0 0 0 0 0 0 0 0 0 0 0 0 0 0 0 0 0 0 0 0 0 0 0 0 0 0 0 0 0 0 0 0 0 0 0 0 0 0 0 0 0 0 0 0 0 0 0 -909.016427212391
0 0 0 0 0 0 0 0 0 0 0 0 0 0 0 24.5039196582485 0 0 0 0 0 0 0 0 0 0 0 -28.5306154527048 0 0 0 0 0 0 0 0 0 0 0 0 0 0 0 0 0 0 0 11.2461289624207 0 0 0 0 0 0 0 -16.7685683082014 0 0 0 0 0 0 0 0 0 0 0 0 0 0 0 0 0 0 0 0 0 0 0 0 0 0 0 0 0 0 0 0 0 0 0 0 0 0 0 0 0 0 0 0 0 0 0 0 0 0 0 0 0 0 0 0 0 0 0 0 0 0 0 0 0 0 0 0 0 0 0 0 72.199323499131
0 0 0 0 0 0 0 0 0 0 -39.0644417937885 0 0 0 0 0 0 31.7165658134105 0 0 0 0 0 0 0 0 0 0 0 0 0 0 0 0 0 0 0 0 0 0 0 0 -42.8579219834827 12.5293878417326 0 0 0 0 0 0 0 27.723910477755 0 0 0 0 0 0 0 0 0 0 0 0 0 0 0 0 0 0 0 0 0 0 0 0 0 0 0 0 0 0 0 0 0 0 0 0 0 0 0 0 0 0 0 0 0 0 0 0 0 0 0 0 0 0 0 0 0 0 0 0 0 0 0 0 0 0 0 0 0 0 0 0 0 0 0 0 206.56813933372
0 0 0 0 0 0 0 0 0 0 0 0 0 0 0 0 0 0 -48.7063591704844 0 0 0 0 0 0 0 0 0 0 0 0 0 0 0 0 0 0 0 0 0 0 0 0 0 -24.9378947568333 0 0 47.7282642372681 0 0 0 0 0 0 0 0 0 0 0 0 0 0 0 0 0 0 0 0 0 0 0 0 0 0 0 0 0 0 0 0 0 0 0 0 0 0 0 0 0 0 0 0 0 0 0 0 0 0 0 0 0 0 0 0 0 0 0 0 0 0 0 0 0 0 0 0 0 0 0 0 0 0 0 0 0 0 0 0 -104.226226971041
0 0 0 0 0 0 0 0 0 0 0 0 17.2852679074412 0 0 0 0 0 0 -19.6957937276778 0 0 0 7.20745027336909 0 0 0 -24.6388725689252 0 0 0 0 0 0 0 0 0 0 0 0 0 -44.3387051173479 0 0 0 0 0 0 0 0 0 0 0 0 0 0 0 0 0 0 0 0 0 0 0 0 0 0 0 0 0 0 0 0 0 0 0 0 0 0 0 0 0 0 0 0 0 0 0 0 0 0 0 0 0 0 0 0 0 0 0 0 0 0 0 0 0 0 0 0 0 0 0 0 0 0 0 0 0 0 0 0 0 0 0 0 0 0 -135.647977642267
0 0 0 0 0 -31.009234269326 -10.9382962625296 0 0 42.2210318103743 0 0 0 0 0 0 0 0 0 0 0 0 0 0 0 0 0 0 0 0 0 -29.4318922110546 0 0 0 0 0 0 0 0 0 0 0 0 0 0 0 0 0 0 0 0 0 0 0 -44.1326501518993 0 0 0 0 0 0 0 0 0 0 0 0 0 0 0 0 0 0 0 0 0 0 0 0 0 0 0 0 0 0 0 0 0 0 0 0 0 0 0 0 0 0 0 0 0 0 0 0 0 0 0 0 0 0 0 0 0 0 0 0 0 0 0 0 0 0 0 0 0 0 0 0 -391.481198700601
0 0 0 0 0 0 0 0 -13.2759208300829 0 0 0 0 0 0 0 0 0 0 0 0 0 33.7203273984822 0 0 0 0 0 0 0 0 0 0 0 48.9631562281891 0 0 0 0 0 0 0 -29.9323063212118 0 0 0 0 0 0 0 0 0 0 21.9760976121558 0 0 0 0 0 0 0 0 0 48.5848233993414 0 0 0 0 0 0 0 0 0 0 0 0 0 0 0 0 0 0 0 0 0 0 0 0 0 0 0 0 0 0 0 0 0 0 0 0 0 0 0 0 0 0 0 0 0 0 0 0 0 0 0 0 0 0 0 0 0 0 0 0 0 0 0 0 894.218327965145
47.2924417663781 0 0 0 0 0 0 0 0 0 0 -41.3147117292165 0 0 0 0 0 0 0 0 0 0 -42.6789949779672 0 0 0 0 0 0 0 0 0 0 0 0 0 0 0 0 0 0 0 0 0 0 0 0 0 0 0 0 0 0 0 0 0 0 0 0 0 0 0 0 0 0 0 0 0 0 0 0 0 0 0 0 0 0 0 0 0 0 0 0 0 0 0 0 0 0 0 0 0 0 0 0 0 0 0 0 0 0 0 0 0 0 0 0 0 0 0 0 0 0 0 0 0 0 0 0 0 0 0 0 0 0 0 0 0 -177.60993195506
0 0 0 0 0 0 0 0 0 0 0 0 0 -2.91711679029072 0 0 0 17.0230173005494 0 0 0 0 0 0 0 -38.4349403386425 -47.2594059964958 -31.771922790586 0 0 0 0 0 0 33.9429493395232 0 0 0 0 0 0 0 0 -32.5014718931028 0 0 0 0 -16.8837120895071 0 -10.2102502756715 0 0 0 0 0 0 0 0 0 0 0 16.755411974659 -7.14628136616576 0 0 0 0 0 0 0 0 0 0 0 0 0 0 0 0 0 0 0 0 0 0 0 0 0 0 0 0 0 0 0 0 0 0 0 0 0 0 0 0 0 0 0 0 0 0 0 0 0 0 0 0 0 0 0 0 0 0 0 0 0 0 0 0 -365.965656940646
0 0 0 9.30107126953471 0 0 0 -30.5462628676647 0 0 -12.6253757642782 0 -10.7192882271561 0 0 0 0 0 0 0 0 0 0 0 0 0 0 0 0 0 0 0 0 0 0 0 0 0 0 0 0 0 0 0 0 0 0 0 0 0 0 0 0 0 0 0 0 0 0 0 0 0 0 0 0 0 0 0 0 0 0 0 0 0 0 0 0 0 0 0 0 0 0 0 0 0 0 0 0 0 0 0 0 0 0 0 0 0 0 0 0 0 0 0 0 0 0 0 0 0 0 0 0 0 0 0 0 0 0 0 0 0 0 0 0 0 0 0 -192.37159680655
0 1.03142408040758 0 0 0 31.9946015312491 0 0 0 0 0 0 0 0 0 0 0 0 0 0 0 0 0 0 -41.3562454845097 0 0 0 0 0 0 0 0 0 -29.5126328400889 0 0 0 0 0 0 0 0 0 0 0 0 0 25.8921112320935 0 37.660068870672 0 0 0 0 0 0 0 0 0 0 0 0 0 0 0 0 0 0 0 0 0 0 0 0 0 0 0 0 0 0 0 0 0 0 0 0 0 0 0 0 0 0 0 0 0 0 0 0 0 0 0 0 0 0 0 0 0 0 0 0 0 0 0 0 0 0 0 0 0 0 0 0 0 0 0 0 0 -35.4784672999568
0 0 0 0 38.7016990988022 0 44.5244936527455 0 0 0 0 0 0 0 0 0 0 0 0 0 0 0 0 0 0 0 0 0 0 0 30.2140929722944 0 0 0 0 0 0 0 0 0 0 37.9920331290501 0 -35.43616262059 0 0 0 0 0 0 0 0 0 0 0 0 0 0 0 0 0 0 0 0 0 0 0 0 0 0 0 0 0 0 0 0 0 0 0 0 0 0 0 0 0 0 0 0 0 0 0 0 0 0 0 0 0 0 0 0 0 0 0 0 0 0 0 0 0 0 0 0 0 0 0 0 0 0 0 0 0 0 0 0 0 0 0 0 628.041513661816
0 0 0 0 0 0 0 0 0 0 0 0 0 0 0 0 0 0 0 0 0 0 0 0 47.0060862997812 0 0 0 0 0 -7.60363162373205 0 0 0 0 0 0 0 0 -33.9862466280408 -34.8969398632086 0 0 0 0 0 5.22969234181494 0 0 0 0 0 0 0 0 0 0 0 0 0 -31.2210193919098 0 0 -20.2051007338174 0 0 0 0 0 0 0 0 0 0 0 0 0 0 0 0 0 0 0 0 0 0 0 0 0 0 0 0 0 0 0 0 0 0 0 0 0 0 0 0 0 0 0 0 0 0 0 0 0 0 0 0 0 0 0 0 0 0 0 0 0 0 0 0 -401.009058986363
0 0 0 0 0 0 0 0 0 0 0 0 23.0274370766196 0 0 0 0 0 0 0 0 0 46.0992237413973 0 0 0 0 0 0 0 0 0 0 0 0 0 0 0 13.1569626979159 0 -28.9465597038031 0 0 0 0 0 0 -36.8105839848252 0 0 0 0 0 -46.3259051189443 0 -14.9392818170743 0 0 0 0 0 0 0 0 0 0 0 0 0 0 0 0 0 0 0 0 0 0 0 0 0 0 0 0 0 0 0 0 0 0 0 0 0 0 0 0 0 0 0 0 0 0 0 0 0 0 0 0 0 0 0 0 0 0 0 0 0 0 0 0 0 0 0 0 0 0 0 0 -355.987469985919
-31.4933360001832 0 0 0 0 0 -47.3572778955876 0 0 0 0 0 0 0 0 0 0 0 0 0 0 0 0 0 0 0 0 0 0 16.3605979358684 0 -0.926336672802586 0 0 0 0 33.4427750219129 0 0 -43.9076368990074 0 0 0 0 -16.1882571527399 0 0 0 0 0 0 0 0 0 0 -9.02953240632463 0 0 0 0 0 0 0 0 0 0 0 0 0 0 0 0 0 0 0 0 0 0 0 0 0 0 0 0 0 0 0 0 0 0 0 0 0 0 0 0 0 0 0 0 0 0 0 0 0 0 0 0 0 0 0 0 0 0 0 0 0 0 0 0 0 0 0 0 0 0 0 0 -734.83901839983
0 0 0 0 0 0 0 0 0 0 0 0 0 0 0 -18.6181887165056 0 0 0 0 0 0 0 6.14053435981622 -4.5457171057787 0 0 0 0 0 0 0 25.3218770832399 0 0 0 0 0 0 19.1619782460563 0 0 0 0 0 0 21.7076157295851 0 0 0 0 0 0 0 0 0 0 0 0 0 0 -1.70328930085715 -3.1413845257604 0 0 0 0 0 0 0 0 0 0 0 0 0 0 0 0 0 0 0 0 0 0 0 0 0 0 0 0 0 0 0 0 0 0 0 0 0 0 0 0 0 0 0 0 0 0 0 0 0 0 0 0 0 0 0 0 0 0 0 0 0 0 0 0 0 281.985755560928
0 0.15762487392027 0 0 0 0 0 0 0 0 0 0 -11.9195034320085 0 0 0 41.0765439140422 14.6910405406138 0 0 0 0 0 0 0 0 0 0 0 0 0 0 0 0 0 0 0 34.8193732162454 0 0 0 0 0 0 0 0 0 0 0 0 0 0 0 0 0 0 0 0 14.3003773432093 0 -34.705421557129 0 0 0 0 0 0 0 0 0 0 0 0 0 0 0 0 0 0 0 0 0 0 0 0 0 0 0 0 0 0 0 0 0 0 0 0 0 0 0 0 0 0 0 0 0 0 0 0 0 0 0 0 0 0 0 0 0 0 0 0 0 0 0 0 0 0 0 338.19549933321
-38.4348263882041 0 0 -18.6915160381911 0 0 0 0 0 0 0 0 0 0 0 -16.4880729644259 0 0 0 0 0 0 0 0 0 0 0 0 0 0 0 0 0 0 22.657461669986 0 0 0 0 0 0 0 0 0 0 0 0 0 0 0 0 0 0 0 25.0897451771626 0 0 -4.80378926642496 0 0 0 0 0 0 0 0 0 0 0 0 0 0 0 0 0 0 0 0 0 0 0 0 0 0 0 0 0 0 0 0 0 0 0 0 0 0 0 0 0 0 0 0 0 0 0 0 0 0 0 0 0 0 0 0 0 0 0 0 0 0 0 0 0 0 0 0 0 0 -238.70402610716
0 0 0 0 0 0 0 0 0 0 0 0 0 0 0 0 0 0 0 0 0 0 0 0 0 0 0 0 24.0042890096196 31.8691465987924 0 0 0 0 0 0 0 0 0 0 0 0 0 0 0 0 0 0 0 0 0 0 0 0 0 0 46.0857745530131 0 0 0 0 0 0 12.8110867057586 0 0 0 0 0 0 0 0 0 0 0 0 0 0 0 0 0 0 0 0 0 0 0 0 0 0 0 0 0 0 0 0 0 0 0 0 0 0 0 0 0 0 0 0 0 0 0 0 0 0 0 0 0 0 0 0 0 0 0 0 0 0 0 0 327.801962115252
0 0 0 0 0 0 0 0 0 0 0 0 0 0 0 0 0 -45.1636840166667 0 0 0 0 0 0 -39.2375931045193 0 0 0 0 0 0 0 0 0 0 0 0 0 0 0 0 26.6424020258548 0 -18.8054529668158 0 0 0 0 0 0 0 0 0 0 0 0 0 0 0 0 39.6472415108258 0 0 0 0 0 0 0 0 0 0 0 0 0 0 0 0 0 0 0 0 0 0 0 0 0 0 0 0 0 0 0 0 0 0 0 0 0 0 0 0 0 0 0 0 0 0 0 0 0 0 0 0 0 0 0 0 0 0 0 0 0 0 0 0 0 0 0 -301.882459379393
0 0 0 0 0 0 0 0 32.5065380501036 0 0 0 0 0 -30.1551458495954 0 37.92895896553 0 0 0 0 0 0 0 0 0 0 0 -25.2875674694534 0 31.0226081904904 42.8956782336538 0 0 -33.0016524727333 0 -12.3146395973252 0 0 0 0 0 0 0 0 0 0 0 0 0 0 0 0 14.8979373959002 0 0 0 0 0 0 0 0 0 0 0 0 0 0 0 0 0 0 0 0 0 0 0 0 0 0 0 0 0 0 0 0 0 0 0 0 0 0 0 0 0 0 0 0 0 0 0 0 0 0 0 0 0 0 0 0 0 0 0 0 0 0 0 0 0 0 0 0 0 0 0 0 0 0 767.077171831828
-2.49644768740338 0 0 0 0 0 0 0 -39.2442745095692 0 0 0 0 0 0 0 0 19.1805462622781 0 0 0 0 0 0 0 0 0 0 0 0 0 0 0 0 -21.8225533761939 0 0 0 0 0 0 0 0 0 0 0 0 0 0 15.8648235200145 0 0 33.3189068529811 0 11.0955767179176 0 0 0 0 0 0 0 0 0 0 0 0 0 0 0 0 0 0 0 0 0 0 0 0 0 0 0 0 0 0 0 0 0 0 0 0 0 0 0 0 0 0 0 0 0 0 0 0 0 0 0 0 0 0 0 0 0 0 0 0 0 0 0 0 0 0 0 0 0 0 0 0 0 31.0203265118303
0 0 0 0 0 0 0 0 0 0 -43.459605108866 6.74971527743015 0 0 0 0 0 0 0 45.4700677869129 0 0 0 0 0 -15.9545049356859 0 0 0 0 0 0 0 0 0 0 0 0 0 0 0 0 0 0 0 0 0 0 0 0 0 0 0 0 0 0 0 0 0 0 0 0 0 0 0 0 0 0 0 0 0 0 0 0 0 0 0 0 0 0 0 0 0 0 0 0 0 0 0 0 0 0 0 0 0 0 0 0 0 0 0 0 0 0 0 0 0 0 0 0 0 0 0 0 0 0 0 0 0 0 0 0 0 0 0 0 0 0 2.95437178364861
0 0 0 0 0 0 32.2366026582658 0 0 0 0 0 0 0 0 0 0 0 0 0 0 0 -42.314632120395 0 0 0 0 0 0 0 0 0 0 0 0 0 0 0 0 0 0 0 0 0 0 0 6.27695029334047 44.9284577683995 0 0 0 0 0 0 0 0 0.0208156180885655 0 0 0 0 0 0 0 0 0 0 0 0 0 0 0 0 0 0 0 0 0 0 0 0 0 0 0 0 0 0 0 0 0 0 0 0 0 0 0 0 0 0 0 0 0 0 0 0 0 0 0 0 0 0 0 0 0 0 0 0 0 0 0 0 0 0 0 0 0 0 0 158.987680750652
0 0 0 0 0 -15.5266850205399 0 0 0 0 0.45071848777527 0 0 0 0 3.13036162150756 0 0 0 0 0 0 0 0 0 0 0 0 0 0 0 0 0 0 0 0 0 0 0 0 0 0 0 0 0 0 0 0 0 0 0 0 0 0 0 0 0 0 42.8200598024328 0 0 0 0 0 0 0 0 0 0 0 0 0 0 0 0 0 0 0 0 0 0 0 0 0 0 0 0 0 0 0 0 0 0 0 0 0 0 0 0 0 0 0 0 0 0 0 0 0 0 0 0 0 0 0 0 0 0 0 0 0 0 0 0 0 0 0 0 0 20.289525086207
0 0 0 0 0 0 0 0 0 0 0 0 0 0 0 0 0 0 0 0 0 0 0 0 0 -25.7007963260977 0 0 0 0 0 0 0 0 0 0 0 15.2373295254667 0 0 0 0 0 0 0 0 0 0 0 0 0 0 0 0 8.35353538658807 0 0 0 0 0 0 0 -25.6421124181721 0 0 0 0 0 0 0 0 0 0 0 0 0 0 0 0 0 0 0 0 0 0 0 0 0 0 0 0 0 0 0 0 0 0 0 0 0 0 0 0 0 0 0 0 0 0 0 0 0 0 0 0 0 0 0 0 0 0 0 0 0 0 0 0 0 -113.075732200988
0 0 0 0 0 0 0 0 0 0 0 0 -31.6135352201872 0 0 0 0 0 0 0 0 0 -45.1216836345211 0 0 0 0 0 0 2.80010265372664 0 0 0 0 0 0 0 0 0 0 0 0 0 0 0 0 0 0 0 0 0 0 15.767736630876 0 0 0 0 0 0 0 0 0 0 0 0 0 0 0 0 0 0 0 0 0 0 0 0 0 0 0 0 0 0 0 0 0 0 0 0 0 0 0 0 0 0 0 0 0 0 0 0 0 0 0 0 0 0 0 0 0 0 0 0 0 0 0 0 0 0 0 0 0 0 0 0 0 0 0 -474.738746960953
0 0 0 -17.0024760012885 0 0 0 0 0 0 0 0 0 0 0 0 0 0 0 0 0 0 0 0 0 0 0 0 -33.1657835059609 0 0 0 0 0 0 -33.4541031739807 0 0 -45.4132865037197 0 0 0 0 0 0 0 0 0 0 0 -27.0863425577552 0 0 0 0 0 0 0 0 0 0 0 0 0 0 0 0 0 0 0 0 0 0 0 0 0 0 0 0 0 0 0 0 0 0 0 0 0 0 0 0 0 0 0 0 0 0 0 0 0 0 0 0 0 0 0 0 0 0 0 0 0 0 0 0 0 0 0 0 0 0 0 0 0 0 0 0 0 -451.153380958936
0 0 0 7.6813688249755 0 0 0 0 0 0 0 0 0 0 0 0 0 0 0 0 0 0 0 0 0 -9.43648991904879 0 0 0 0 0 0 0 0 0 0 0 0 0 0 0 0 0 0 0 0 0 0 0 0 0 0 0 0 0 -33.665818779024 0 0 0 0 -13.1029660160659 0 0 0 0 0 0 0 0 0 0 0 0 0 0 0 0 0 0 0 0 0 0 0 0 0 0 0 0 0 0 0 0 0 0 0 0 0 0 0 0 0 0 0 0 0 0 0 0 0 0 0 0 0 0 0 0 0 0 0 0 0 0 0 0 0 0 0 -293.72058533598
0 0 0 0 0 0 0 0 0 0 0 0 0 0 0 0 0 0 0 0 0 0 0 0 0 0 0 0 0 10.2216735763378 0 0 0 0 0 0 0 0 0 0 0 0 0 0 46.2879884608938 0 0 0 0 0 0 0 0 0 0 0 0 0 0 0 0 0 0 49.1213696826846 0 0 0 0 0 0 0 0 0 0 0 0 0 0 0 0 0 0 0 0 0 0 0 0 0 0 0 0 0 0 0 0 0 0 0 0 0 0 0 0 0 0 0 0 0 0 0 0 0 0 0 0 0 0 0 0 0 0 0 0 0 0 0 0 840.187924236708
0 0 0 0 0 0 0 0 0 0 0 0 0 0 0 0 0 0 0 0 0 0 0 0 0 -43.0052439827858 0 0 0 0 0 -26.8174893362675 0 0 -22.4391091174732 0 0 0 0 0 0 0 0 0 0 0 0 0 0 0 0 0 0 0 0 0 30.9949773898567 0 47.5803847449555 0 0 0 0 -49.9876935716142 0 0 0 0 0 0 0 0 0 0 0 0 0 0 0 0 0 0 0 0 0 0 0 0 0 0 0 0 0 0 0 0 0 0 0 0 0 0 0 0 0 0 0 0 0 0 0 0 0 0 0 0 0 0 0 0 0 0 0 0 0 0 0 0 -716.881631916421
0 0 0 0 0 0 0 -2.76137104684634 0 0 0 0 0 0 0 0 0 -2.50123906777078 0 0 0 0 0 0 0 0 0 0 0 0 0 0 0 0 0 0 0 0 0 0 -37.0672820799652 0 0 0 0 0 0 0 0 0 0 0 0 -13.3548540041859 0 0 0 0 0 0 0 0 0 0 0 0 0 0 0 0 0 0 0 0 0 0 0 0 0 0 0 0 0 0 0 0 0 0 0 0 0 0 0 0 0 0 0 0 0 0 0 0 0 0 0 0 0 0 0 0 0 0 0 0 0 0 0 0 0 0 0 0 0 0 0 0 0 0 -361.837117928055
0 0 0 0 -1.54184980743843 0 0 0 0 0 0 0 0 0 0 0 30.3679422759509 0 0 18.2501764463736 0 0 0 0 0 0 0 0 0 0 0 0 0 0 0 0 0 0 -47.9045298251369 0 0 0 0 0 0 0 0 -36.6683619675774 0 13.7321220501466 0 -8.49101049267936 0 0 0 0 0 0 0 0 0 0 -42.553733534462 0 0 0 0 0 0 0 0 0 0 0 0 0 0 0 0 0 0 0 0 0 0 0 0 0 0 0 0 0 0 0 0 0 0 0 0 0 0 0 0 0 0 0 0 0 0 0 0 0 0 0 0 0 0 0 0 0 0 0 0 0 0 0 0 0 -487.874649543606
0 0 0 36.5902932802333 0 0 0 0 0 0 0 0 0 -14.6782254777814 0 0 0 0 0 0 0 0 0 36.5563501008131 0 0 0 0 -16.8270003290602 0 0 0 0 19.5429817974867 0 0 0 0 0 0 0 0 0 0 0 0 0 0 0 0 0 0 0 0 0 0 0 0 0 0 0 0 0 0 0 0 0 0 0 0 0 0 0 0 0 0 0 0 0 0 0 0 0 0 0 0 0 0 0 0 0 0 0 0 0 0 0 0 0 0 0 0 0 0 0 0 0 0 0 0 0 0 0 0 0 0 0 0 0 0 0 0 0 0 0 0 0 0 299.776479265093
0 0 0 0 14.5295957810626 0 6.1861893352086 0 0 0 0 0 0 0 0 0 0 0 0 0 0 0 0 0 0 0 0 42.6933873797129 0 0 0 0 0 0 0 0 0 0 0 0 0 0 0 0 0 0 0 0 0 0 0 0 0 0 0 0 0 0 8.90947832628584 0 0 0 0 -8.83288918030411 0 0 0 0 0 0 0 0 0 0 0 0 0 0 0 0 0 0 0 0 0 0 0 0 0 0 0 0 0 0 0 0 0 0 0 0 0 0 0 0 0 0 0 0 0 0 0 0 0 0 0 0 0 0 0 0 0 0 0 0 0 0 0 0 91.9325727427114
0 2.16491439932364 0 0 37.8206978737939 0 0 0 0 0 0 0 -3.88174735694062 0 0 0 0 0 0 0 -6.46267664538992 9.38510599019413 0 0 -42.503814112446 0 -46.420467399474 0 0 0 0 -20.5901647344453 25.6887107006957 0 0 0 0 0 26.7965925144632 0 0 0 0 -41.0359856713915 0 0 0 0 0 0 0 0 0 0 0 0 0 0 0 0 0 0 0 0 0 0 0 0 0 0 0 0 0 0 0 0 0 0 0 0 0 0 0 0 0 0 0 0 0 0 0 0 0 0 0 0 0 0 0 0 0 0 0 0 0 0 0 0 0 0 0 0 0 0 0 0 0 0 0 0 0 0 0 0 0 0 0 0 -310.941781313048
0 0 0 0 0 0 -19.4585959240932 0 0 0 0 0 0 0 0 0 0 0 -29.5220138979758 -48.8148673112588 0 0 0 0 0 0 0 0 0 0 0 0 0 14.7441696356736 0 0 0 0 0 0 20.6104008587397 0 0 0 0 0 0 0 0 28.0094577130336 0 0 0 0 0 0 0 34.7425001103903 17.5143193451106 0 0 0 0 0 0 0 0 0 0 0 0 0 0 0 0 0 0 0 0 0 0 0 0 0 0 0 0 0 0 0 0 0 0 0 0 0 0 0 0 0 0 0 0 0 0 0 0 0 0 0 0 0 0 0 0 0 0 0 0 0 0 0 0 0 0 0 0 0 352.620321775211
0 0 0 0 0 0 0 0 0 0 0 0 0 18.5760090120722 0 0 31.4628664415739 0 0 -49.6571766627056 0 0 0 0 0 0 0 0 0 0 38.037886357835 0 0 0 0 -5.25304740765122 0 0 32.0510793266544 0 0 0 0 0 0 0 0 0 32.8379501662269 0 0 37.2064016709339 0 0 0 0 0 0 0 0 0 0 0 0 0 0 0 0 0 0 0 0 0 0 0 0 0 0 0 0 0 0 0 0 0 0 0 0 0 0 0 0 0 0 0 0 0 0 0 0 0 0 0 0 0 0 0 0 0 0 0 0 0 0 0 0 0 0 0 0 0 0 0 0 0 0 0 0 1036.13173845062
0 0 0 0 0 0 0 0 0 0 0 0 0 0 0 0 -22.4923380192855 0 0 0 0 0 0 0 0 0 0 0 0 0 0 0 0 0 0 0 0 -41.0890351486847 0 -49.557706957889 43.4334248677827 0 0 0 23.1529831544165 0 0 0 0 0 0 0 0 0 0 0 0 32.1186287839197 0 0 0 0 0 0 0 0 0 0 0 0 0 0 0 0 0 0 0 0 0 0 0 0 0 0 0 0 0 0 0 0 0 0 0 0 0 0 0 0 0 0 0 0 0 0 0 0 0 0 0 0 0 0 0 0 0 0 0 0 0 0 0 0 0 0 0 0 0 0 -50.9542190725237
0 0 0 0 0 0 0 0 0 0 0 0 0 0 0 0 0 0 0 0 0 -35.8721797352662 0 0 0 0 0 0 0 0 0 0 0 0 0 0 0 0 0 0 0 0 0 0 0 0 0 0 0 0 0 0 0 0 0 0 0 0 0 0 0 0 20.1484709746631 0 0 0 0 0 0 0 0 0 0 0 0 0 0 0 0 0 0 0 0 0 0 0 0 0 0 0 0 0 0 0 0 0 0 0 0 0 0 0 0 0 0 0 0 0 0 0 0 0 0 0 0 0 0 0 0 0 0 0 0 0 0 0 0 0 -91.6361719991142
27.0442266258269 -16.4798055077425 -42.4654497392255 -2.70360852882596 57.3763372697542 -25.0730531563165 42.5976093502606 -45.0569982673724 26.2657952882947 -25.2040004554566 47.746587184394 6.89520545402858 -17.3904375765953 -2.16065212498674 5.41428952584813 8.99393318067396 -1.02315160498052 -12.2199179856103 94.7212436054372 11.2658089204933 6.92513398051764 -19.8079166748106 9.46829231927416 40.1841866528791 67.3111111055927 -68.0463784245341 -9.89061655258944 17.7074788437078 60.2444054053255 58.7198626980928 -28.3155186893565 -49.8141731104841 47.6998071945544 -72.2177006607948 37.0336258189101 -50.4236012085917 -14.987952748576 -6.67671885218035 21.9577547531518 47.0380106797106 -11.2985408251428 21.8767758252954 -31.8106699682608 -14.7435316634156 52.5851521187826 -63.43943794073 27.9621437389832 18.8835956179187 -81.693386975047 18.3813043317685 53.8489903711216 -79.6986244247241 -103.296091043122 4.92853543361655 13.9147820826636 -27.0144724913996 57.0424223064021 1.553906107336 -21.4802662314242 -21.5623035666516 -3.2700954099343 45.148790402621 -72.1854348852493 8.29285049400207 0 0 0 0 0 0 0 0 0 0 0 0 0 0 0 0 0 0 0 0 0 0 0 0 0 0 0 0 0 0 0 0 0 0 0 0 0 0 0 0 0 0 0 0 0 0 0 0 0 0 0 0 0 0 0 0 0 0 0 0 0 0 0 0 0
