0 0 0 0 0 0 0 0 0 -24.8904559571652 0 -18.4527008472049 -19.9343051197205 0 -45.7960961834625 0 0 0 0 0 0 0 0 0 0 0 0 0 0 0 0 2.79013007084387 1 0 0 0 0 0 0 0 0 0 0 0 0 0 0 0 0 0 0 0 0 0 0 0 0 0 0 0 0 0 0 0 -607.134613772045
0 0 0 0 0 0 0 0 0 0 0 0 0 -24.397766623168 0 0 0 0 0 0 0 0 -9.12900075564551 0 0 0 0 0 0 0 0 0 0 1 0 0 0 0 0 0 0 0 0 0 0 0 0 0 0 0 0 0 0 0 0 0 0 0 0 0 0 0 0 0 -208.844180333604
0 0 0 0 0 44.7512642788601 0 0 0 0 0 0 0 0 0 0 0 0 0 0 0 0 0 0 0 0 41.9280969984633 0 0 0 0 0 0 0 1 0 0 0 0 0 0 0 0 0 0 0 0 0 0 0 0 0 0 0 0 0 0 0 0 0 0 0 0 0 250.334351325884
0 0 -37.8756322624424 0 0 0 0 9.19448347158538 0 -14.0347826835927 0 0 0 0 0 0 0 0 0 0 0 0 0 0 21.9306932475474 0 0 0 0 0 0 2.35510915007705 0 0 0 1 0 0 0 0 0 0 0 0 0 0 0 0 0 0 0 0 0 0 0 0 0 0 0 0 0 0 0 0 -76.8791103564914
0 -23.9156648017918 0 0 0 0 0 0 0 -0.692069395855399 0 0 0 0 0 0 0 0 0 0 0 0 0 0 0 0 0 0 0 35.5835900703399 0 0 0 0 0 0 1 0 0 0 0 0 0 0 0 0 0 0 0 0 0 0 0 0 0 0 0 0 0 0 0 0 0 0 217.732434116009
0 0 0 0 0 0 0 0 0 0 0 0 22.4406283688824 0 -30.0889698181341 0 0 0 -34.2714125586357 0 0 0 0 0 0 -12.9524480220684 0 0 0 0 0 0 0 0 0 0 0 1 0 0 0 0 0 0 0 0 0 0 0 0 0 0 0 0 0 0 0 0 0 0 0 0 0 0 -3.09392349628331
0 0 0 0 0 0 0 0 36.2272004954744 0 0 18.4762628110137 0 0 0 13.4197879289704 0 0 0 0 0 0 0 0 0 0 0 0 0 0 0 0 0 0 0 0 0 0 1 0 0 0 0 0 0 0 0 0 0 0 0 0 0 0 0 0 0 0 0 0 0 0 0 0 289.7528599371
-35.8676708813057 0 0 0 0 0 0 -42.0697754933476 0 0 0 0 0 0 0 0 0 0 0 37.6145347529076 0 0 0 -7.95712987598499 0 0 0 0 0 0 0 0 0 0 0 0 0 0 0 1 0 0 0 0 0 0 0 0 0 0 0 0 0 0 0 0 0 0 0 0 0 0 0 0 -174.930945981463
0 0 0 0 0 0 -1.23363927896283 0 0 0 0 0 0 0 0 -3.96745056608185 0 0 0 0 0 0 1.56772496075046 -22.8005609806237 0 -26.8420161948697 0 39.9534076872039 0 0 0 0 0 0 0 0 0 0 0 0 1 0 0 0 0 0 0 0 0 0 0 0 0 0 0 0 0 0 0 0 0 0 0 0 101.090577740611
40.8697326644413 10.3642852234244 0 0 0 0 0 0 0 0 0 0 0 0 0 0 0 0 0 0 0 0 0 0 0 0 0 0 0 -13.4763516917054 0 0 0 0 0 0 0 0 0 0 0 1 0 0 0 0 0 0 0 0 0 0 0 0 0 0 0 0 0 0 0 0 0 0 54.3979560006934
0 0 0 9.85905006845654 0 0 0 0 0 0 0 0 0 0 0 0 0 0 16.8487146264776 0 0 0 0 0 0 0 0 0 39.4564090918275 0 0 0 0 0 0 0 0 0 0 0 0 0 1 0 0 0 0 0 0 0 0 0 0 0 0 0 0 0 0 0 0 0 0 0 107.721636858797
0 0 0 0 0 0 0 0 0 0 -41.2664476092995 0 0 0 0 3.90103493134241 0 0 0 0 0 0 0 0 0 0 0 0 0 0 0 0 0 0 0 0 0 0 0 0 0 0 0 1 0 0 0 0 0 0 0 0 0 0 0 0 0 0 0 0 0 0 0 0 -274.266162639492
0 0 0 0 0 0 0 0 0 0 0 0 0 -7.15500639927035 0 0 0 11.7153494459035 0 0 0 0 0 0 5.88758769568373 0 0 0 0 0 0 0 0 0 0 0 0 0 0 0 0 0 0 0 1 0 0 0 0 0 0 0 0 0 0 0 0 0 0 0 0 0 0 0 12.7700212533088
0 0 0 0 0 0 0 0 0 0 0 -27.4149311800263 0 0 0 0 0 0 0 0 0 -39.5480470049366 0 0 0 0 -49.002234395031 0 0 0 0 0 0 0 0 0 0 0 0 0 0 0 0 0 0 1 0 0 0 0 0 0 0 0 0 0 0 0 0 0 0 0 0 0 -347.384994053871
0 0 -44.0846695924666 0 0 0 0 0 0 0 0 0 0 0 0 0 0 0 0 0 0 0 0 0 0 0 0 0 0 0 -17.7347629492283 0 0 0 0 0 0 0 0 0 0 0 0 0 0 0 1 0 0 0 0 0 0 0 0 0 0 0 0 0 0 0 0 0 -262.723292585265
0 0 0 0 0 0 0 0 0 0 0 0 0 0 0 0 0 0 0 0 0 0 0 0 0 0 0 0 0 0 27.9476506848221 0 0 0 0 0 0 0 0 0 0 0 0 0 0 0 0 1 0 0 0 0 0 0 0 0 0 0 0 0 0 0 0 0 243.89480426605
0 0 0 0 0 0 0 0 0 0 0 0 0 0 0 0 -16.4521413692647 0 0 11.956861250297 0 0 0 0 0 0 0 0 49.2885717464124 0 0 0 0 0 0 0 0 0 0 0 0 0 0 0 0 0 0 0 1 0 0 0 0 0 0 0 0 0 0 0 0 0 0 0 -22.3079735649705
0 0 0 0 0 0 0 0 0 0 0 0 0 0 0 0 0 0 0 0 14.8005694952403 0 0 0 0 0 0 0 0 0 3.97758203184684 0 0 0 0 0 0 0 0 0 0 0 0 0 0 0 0 0 0 1 0 0 0 0 0 0 0 0 0 0 0 0 0 0 107.609397565876
0 0 0 0 0 0 0 0 0 -26.774524694922 0 0 0 0 0 0 0 0 23.9832227063707 0 0 0 0 0 0 0 0 0 0 38.899234515285 0 0 0 0 0 0 0 0 0 0 0 0 0 0 0 0 0 0 0 0 1 0 0 0 0 0 0 0 0 0 0 0 0 0 121.121825122569
0 0 0 0 35.9807625912606 0 0 9.70607886103508 0 15.4752143480193 0 0 0 0 0 0 41.5013993756726 -6.68169193608434 0 0 -21.023924415776 0 0 0 0 0 0 0 0 0 0 0 0 0 0 0 0 0 0 0 0 0 0 0 0 0 0 0 0 0 0 1 0 0 0 0 0 0 0 0 0 0 0 0 546.839819907219
0 0 0 0 0 13.1882300545926 0 -20.4578160514045 0 0 0 0 12.2028790367341 0 0 0 0 0 -45.2465805808546 49.4609895249091 0 0 0 0 0 0 -29.3235850869554 0 10.7363956107084 0 0 0 0 0 0 0 0 0 0 0 0 0 0 0 0 0 0 0 0 0 0 0 1 0 0 0 0 0 0 0 0 0 0 0 147.276884438661
0 -15.2369674307159 0 0 0 0 0 0 0 21.7737067921327 0 0 0 0 0 0 0 0 0 0 0 0 0 0 0 0 0 0 0 0 0 0 0 0 0 0 0 0 0 0 0 0 0 0 0 0 0 0 0 0 0 0 0 1 0 0 0 0 0 0 0 0 0 0 173.078691635609
0 0 0 0 0 0 0 0 0 0 0 0 0 0 0 0 0 0 0 -47.200670482868 0 0 -43.3158238822152 0 0 0 0 0 0 0 0 0 0 0 0 0 0 0 0 0 0 0 0 0 0 0 0 0 0 0 0 0 0 0 1 0 0 0 0 0 0 0 0 0 -733.497025306701
0 0 0 0 0 0 42.7064140870894 0 -41.2228239362367 0 0 0 0 0 0 0 0 0 0 0 0 0 0 0 -16.7601438084564 0 0 0 2.61808954210287 0 0 0 0 0 0 0 0 0 0 0 0 0 0 0 0 0 0 0 0 0 0 0 0 0 0 1 0 0 0 0 0 0 0 0 138.779407845974
0 0 0 0 0 0 0 0 0 0 0 0 0 0 0 0 0 -25.3357875941687 4.28994565869459 0 0 0 0 0 28.0867850604077 0 0 0 0 0 2.18823814092816 0 0 0 0 0 0 0 0 0 0 0 0 0 0 0 0 0 0 0 0 0 0 0 0 0 1 0 0 0 0 0 0 0 32.3785724386554
0 0 0 0 0 0 0 0 0 0 0 0 43.1949933886006 0 0 0 0 -35.2888019677213 0 0 0 0 0 0 0 0 0 0 0 0 0 0 0 0 0 0 0 0 0 0 0 0 0 0 0 0 0 0 0 0 0 0 0 0 0 0 0 1 0 0 0 0 0 0 308.415810332102
0 0 0 0 0 0 0 -8.32342982481442 0 -21.9707133380887 0 0 0 0 0 0 0 0 0 0 9.81003171414879 0 0 0 0 0 0 0 0 0 0 0 0 0 0 0 0 0 0 0 0 0 0 0 0 0 0 0 0 0 0 0 0 0 0 0 0 0 1 0 0 0 0 0 -215.160020499385
0 0 0 0 0 0 0 -46.3525143298868 0 0 0 0 0 0 0 0 0 0 0 0 0 0 0 0 0 0 0 0 0 0 0 0 0 0 0 0 0 0 0 0 0 0 0 0 0 0 0 0 0 0 0 0 0 0 0 0 0 0 0 1 0 0 0 0 -370.688274251675
0 0 0 0 0 0 0 0 0 0 0 -43.6313496948637 0 0 0 0 -17.7117494829441 0 0 0 0 -40.1621469615125 0 0 0 0 0 0 0 0 -32.9955373731246 0 0 0 0 0 0 0 0 0 0 0 0 0 0 0 0 0 0 0 0 0 0 0 0 0 0 0 0 0 1 0 0 0 -695.49960575499
0 0 0 -12.8836201233856 0 0 0 0 0 0 0 0 0 0 0 0 0 0 0 0 0 0 0 -46.0238377378762 0 0 0 0 0 0 0 0 0 0 0 0 0 0 0 0 0 0 0 0 0 0 0 0 0 0 0 0 0 0 0 0 0 0 0 0 0 1 0 0 -245.19627537842
0 0 20.9240953533567 0 0 0 0 0 0 14.1341360210975 0 0 0 0 0 0 0 0 0 0 0 0 -32.5939139852128 0 0 0 0 0 0 0 0 0 0 0 0 0 0 0 0 0 0 0 0 0 0 0 0 0 0 0 0 0 0 0 0 0 0 0 0 0 0 0 1 0 -75.6695331203569
0 0 0 0 0 0 0 0 0 0 -43.7848057366315 0 0 0 0 0 0 0 0 0 0 0 0 0 0 0 0 0 0 -9.33405797022244 0 0 0 0 0 0 0 0 0 0 0 0 0 0 0 0 0 0 0 0 0 0 0 0 0 0 0 0 0 0 0 0 0 1 -394.33518017887
0 0 0 0 0 0 0 -3.69370740908348 0 0 0 0 0 0 0 0 0 0 0 0 0 0 0 0 0 0 0 0 0 0 0 0 0 0 0 0 0 0 0 0 0 0 0 0 0 0 0 0 0 0 0 0 0 0 0 0 0 0 0 0 0 0 0 0 -29.5391532661897
0 0 0 0 0 0 -29.7325700562694 0 0 0 0 36.9549890049143 0 0 0 0 0 0 0 0 0 0 0 0 9.79403691071377 0 0 0 0 0 0 0 0 0 0 0 0 0 0 0 0 0 0 0 0 0 0 0 0 0 0 0 0 0 0 0 0 0 0 0 0 0 0 0 37.2163394545134
0 0 0 0 0 0 0 0 0 0 0 -47.6986462908559 0 0 0 0 0 0 0 0 0 39.9426437101584 0 -4.70538843285053 0 0 0 0 0 -44.1973823503415 -39.3730623345482 0 0 0 0 0 0 0 0 0 0 0 0 0 0 0 0 0 0 0 0 0 0 0 0 0 0 0 0 0 0 0 0 0 -919.965558422224
0 0 0 0 0 0 0 0 0 0 0 0 0 0 0 0 0 0 0 0 0 0 0 0 0 0 0 49.8425291506397 0 0 0 0 0 0 0 0 0 0 0 0 0 0 0 0 0 0 0 0 0 0 0 0 0 0 0 0 0 0 0 0 0 0 0 0 396.144638747034
0 0 36.632740366717 0 0 0 0 0 0 0 0 0 0 0 0 0 0 11.5205796593277 0 0 0 -47.3055515516134 0 0 0 0 0 0 0 0 0 0 0 0 0 0 0 0 0 0 0 0 0 0 0 0 0 0 0 0 0 0 0 0 0 0 0 0 0 0 0 0 0 0 101.247921233098
0 0 0 0 -17.7477364379538 0 0 0 0 0 0 0 0 0 0 0 0 0 0 0 0 0 -3.62237660567243 0 0 0 0 0 0 0 0 0 0 0 0 0 0 0 0 0 0 0 0 0 0 0 0 0 0 0 0 0 0 0 0 0 0 0 0 0 0 0 0 0 -76.158367670644
0 0 -40.0982767078689 7.0988144269953 0 0 0 0 0 0 0 0 0 -17.4124905806735 0 0 0 0 0 0 0 0 0 0 0 0 0 0 0 0 0 0 0 0 0 0 0 0 0 0 0 0 0 0 0 0 0 0 0 0 0 0 0 0 0 0 0 0 0 0 0 0 0 0 -169.650606452084
0 0 -4.95076633526634 0 0 0 7.78437951174575 0 0 0 0 0 0 0 0 0 0 0 0 0 0 0 0 0 0 0 0 0 0 0 0 0 0 0 0 0 0 0 0 0 0 0 0 0 0 0 0 0 0 0 0 0 0 0 0 0 0 0 0 0 0 0 0 0 37.2085719394936
-42.5155692400164 -44.2657330624518 0 0 0 0 0 0 0 0 0 0 0 0 0 0 -19.9043564994346 0 2.17212487822749 6.1880235062444 0 0 0 0 0 0 -25.8445229914071 0 0 0 0 0 0 0 0 0 0 0 0 0 0 0 0 0 0 0 0 0 0 0 0 0 0 0 0 0 0 0 0 0 0 0 0 0 -414.286219571842
0 0 0 0 0 0 0 0 0 0 0 0 41.2720162652781 0 0 0 0 0 0 0 0 0 0 0 0 32.5734269699093 0 0 0 0 0 0 0 0 0 0 0 0 0 0 0 0 0 0 0 0 0 0 0 0 0 0 0 0 0 0 0 0 0 0 0 0 0 0 508.959181310014
-5.54541160810943 0 0 0 0 48.2062563214574 0 0 7.82675614621692 0 0 0 0 0 0 0 0 -26.557650360607 0 31.0590442462569 0 0 0 0 0 0 0 0 0 0 0 0 0 0 0 0 0 0 0 0 0 0 0 0 0 0 0 0 0 0 0 0 0 0 0 0 0 0 0 0 0 0 0 0 279.315123922706
0 0 -4.87258354890684 0 0 0 0 0 0 0 0 0 0 -25.0030830589724 0 0 0 0 0 0 0 0 0 0 0 0 45.5437531793689 0 -35.7349653014206 0 0 0 0 0 0 0 0 0 0 0 0 0 0 0 0 0 0 0 0 0 0 0 0 0 0 0 0 0 0 0 0 0 0 0 0.121870646858726
0 0 0 0 0 0 0 0 0 0 0 0 0 0 0 0 0 0 1.25633847803992 0 0 0 0 0 0 0 0 0 0 0 0 0 0 0 0 0 0 0 0 0 0 0 0 0 0 0 0 0 0 0 0 0 0 0 0 0 0 0 0 0 0 0 0 0 4.10802846615665
0 0 0 0 47.1925137586938 0 0 0 0 0 0 0 0 14.8320621265659 0 0 0 11.4671003416509 0 0 0 0 0 0 0 -3.03496280840415 0 7.77806976467479 0 0 0 0 0 0 0 0 0 0 0 0 0 0 0 0 0 0 0 0 0 0 0 0 0 0 0 0 0 0 0 0 0 0 0 0 298.978783934231
0 0 0 0 0 0 0 0 0 0 0 0 0 0 0 0 0 0 0 0 0 0 0 0 0 0 0 0 0 0 0 0 0 0 0 0 0 0 0 0 0 0 0 0 0 0 0 0 0 0 0 0 0 0 0 0 0 0 0 0 0 0 0 0 0
0 0 0 0 0 0 0 0 0 0 0 0 0 0 0 0 0 0 0 0 0 0 0 0 0 0 0 0 0 0 0 0 0 0 0 0 0 0 0 0 0 0 0 0 0 0 0 0 0 0 0 0 0 0 0 0 0 0 0 0 0 0 0 0 0
0 0 0 0 0 41.1313227169849 -12.3779716539293 0 0 0 0 0 -27.1235227450368 0 0 0 0 0 0 0 0 0 0 0 0 0 0 -7.64751287772445 0 0 0 0 0 0 0 0 0 0 0 0 0 0 0 0 0 0 0 0 0 0 0 0 0 0 0 0 0 0 0 0 0 0 0 0 -313.634795572386
0 0 0 0 0 0 0 0 -22.6403779105207 0 -5.54341561333331 0 0 0 0 0 0 12.7515046901424 0 0 0 0 0 3.46412535365761 0 0 0 0 0 0 0 0 0 0 0 0 0 0 0 0 0 0 0 0 0 0 0 0 0 0 0 0 0 0 0 0 0 0 0 0 0 0 0 0 -33.8149285169815
0 0 0 -11.4557840025696 0 0 37.3450099080692 0 0 0 0 0 0 0 0 0 0 0 0 0 0 0 0 0 0 -19.9651265102954 0 0 0 0 -9.99702843803616 0 0 0 0 0 0 0 0 0 0 0 0 0 0 0 0 0 0 0 0 0 0 0 0 0 0 0 0 0 0 0 0 0 39.4249615313535
0 0 0 0 0 0 0 0 0 0 0 1.77235143947183 0 0 0 0 0 0 0 0 0 0 0 0 0 0 0 0 0 0 0 -43.8175285587664 0 0 0 0 0 0 0 0 0 0 0 0 0 0 0 0 0 0 0 0 0 0 0 0 0 0 0 0 0 0 0 0 -115.730332389258
0 0 0 0 0 -26.8632779420693 0 0 0 0 0 0 0 0 0 0 0 0 0 0 0 0 0 0 0 0 0 0 0 0 0 0 0 0 0 0 0 0 0 0 0 0 0 0 0 0 0 0 0 0 0 0 0 0 0 0 0 0 0 0 0 0 0 0 -57.9170390676611
0 -38.1514008438971 0 0 0 -40.1219964126497 0 0 0 0 0 0 0 0 0 0 0 0 0 0 0 0 0 0 0 0 0 0 0 0 0 0 0 0 0 0 0 0 0 0 0 0 0 0 0 0 0 0 0 0 0 0 0 0 0 0 0 0 0 0 0 0 0 0 -141.76193359485
0 0 0 0 0 39.0275455546976 0 0 0 -46.66109226136 33.9034991901461 0 0 0 0 0 0 0.726672481629564 0 0 0 0 0 0 0 0 0 0 0 0 0 0 0 0 0 0 0 0 0 0 0 0 0 0 0 0 0 0 0 0 0 0 0 0 0 0 0 0 0 0 0 0 0 0 -78.9615286633
0 0 0 0 0 0 0 0 -38.6283558955442 0 0 0 0 0 0 0 0 0 0 0 -0.955434303797964 0 9.94417201755339 0 0 0 0 0 0 0 0 0 0 0 0 0 0 0 0 0 0 0 0 0 0 0 0 0 0 0 0 0 0 0 0 0 0 0 0 0 0 0 0 0 -7.88388259413736
0 0 -40.9783866879814 0 0 0 0 47.8224034127668 15.3018772578069 0 0 0 0 0 0 0 0 0 0 0 0 0 0 0 0 -3.88678734501999 0 0 36.3758110483555 0 0 0 0 0 0 0 0 0 0 0 0 0 0 0 0 0 0 0 0 0 0 0 0 0 0 0 0 0 0 0 0 0 0 0 315.113015996802
0 0 0 0 0 0 0 0 0 0 0 0 -23.7170927889215 32.396294284602 0 0 0 0 -17.1024694935654 0 0 44.1300531148416 0 0 0 0 0 0 0 0 0 0 0 0 0 0 0 0 0 0 0 0 0 0 0 0 0 0 0 0 0 0 0 0 0 0 0 0 0 0 0 0 0 0 -80.0641121350572
0 0 0 0 0 -25.5891928986131 45.711016517866 0 0 1.08249646847851 0 0 0 0 0 0 0 0 0 6.45798593075065 0 0 0 0 0 0 0 0 0 0 0 0 0 0 0 0 0 0 0 0 0 0 0 0 0 0 0 0 0 0 0 0 0 0 0 0 0 0 0 0 0 0 0 0 298.464701285782
0 0 0 0 0 0 0 0 0 0 0 0 0 49.3716131600963 0 0 0 0 0 0 0 0 0 0 0 0 0 0 0 0 0 0 0 0 0 0 0 0 0 0 0 0 0 0 0 0 0 0 0 0 0 0 0 0 0 0 0 0 0 0 0 0 0 0 278.891933586474
27.0983940011353 0 0 0 -18.6198079127448 0 0 0 0 -44.2127375183526 0 0 0 0 0 0 0 0 0 0 0 0 0 0 0 0 0 0 0 0 0 0 0 0 0 0 0 0 0 0 0 0 0 0 0 0 0 0 0 0 0 0 0 0 0 0 0 0 0 0 0 0 0 0 -355.546859826778
0 0 0 0 0 0 0 0 0 0 0 0 0 0 -45.5926208180867 0 0 31.2943969672552 0 -8.79267222856391 0 0 0 0 0 0 0 0 0 0 0 0 0 0 0 0 0 0 0 0 0 0 0 0 0 0 0 0 0 0 0 0 0 0 0 0 0 0 0 0 0 0 0 0 -75.0641229168177
0 0 0 0 0 0 0 0 0 0 0 0 0 0 0 0 0 0 -11.5836831177169 0 0 0 0 0 0 0 0 0 2.31265323903861 0 39.2148966891949 0 0 0 0 0 0 0 0 0 0 0 0 0 0 0 0 0 0 0 0 0 0 0 0 0 0 0 0 0 0 0 0 0 305.240277938194
0 0 0 0 0 0 0 0 0 0 0 0 0 0 -9.40793594005266 0 0 10.4388896137601 0 -40.519644354155 0 0 0 0 0 0 0 0 0 0 0 0 0 0 0 0 0 0 0 0 0 0 0 0 0 0 0 0 0 0 0 0 0 0 0 0 0 0 0 0 0 0 0 0 -328.145299799609
1.67132160288885 2.17356888359999 0 9.9690784608038 -21.0651841305471 18.1154827298447 -58.3756398132614 -4.18742262444712 23.4911002910087 23.4515844299275 -40.0465569594193 28.4635580699272 -14.2200570632299 0 -8.54616472421026 0.000402124792237224 -17.2670765555957 3.04460467850255 -7.7882943417147 1.77280051350618 14.4567935358454 -34.4744638822391 -1.11175779463249 -4.87740588679907 7.56826323382805 6.77728375284573 -6.92132260938208 -2.33530500554052 -0.744319882446783 18.0060386352509 28.285410876688 5.06064272867795 0 0 0 0 0 0 0 0 0 0 0 0 0 0 0 0 0 0 0 0 0 0 0 0 0 0 0 0 0 0 0 0 0
