0 0 0 21.368094189454 0 0 0 0 0 0 0 0 0 0 0 0 0 0 0 0 -13.9513799582339 0 0 0 0 0 0 0 0 0 0 0 0 0 0 0 0 0 0 0 21.8459525105082 0 0 0 0 49.5323733027603 0 0 0 0 0 0 0 0 0 0 0 -41.6299895009334 0 0 0 0 0 0 1 0 0 0 0 0 0 0 0 0 0 0 0 0 0 0 0 0 0 0 0 0 0 0 0 0 0 0 0 0 0 0 0 0 0 0 0 0 0 0 0 0 0 0 0 0 0 0 0 0 0 0 0 0 0 0 0 0 0 0 0 0 0 0 580.846129100107
-3.1794103046989 0 0 0 0 0 0 0 0 0 0 0 0 0 0 0 0 0 0 0 0 0 0 0 0 -40.6196942424623 0 0 0 0 0 0 0 0 0 22.5170456137609 0 41.2045444279009 0 0 0 0 0 0 0 0 0 0 0 0 0 0 0 0 0 0 0 0 0 -41.3585566540023 1.99508887050651 0 0 0 0 1 0 0 0 0 0 0 0 0 0 0 0 0 0 0 0 0 0 0 0 0 0 0 0 0 0 0 0 0 0 0 0 0 0 0 0 0 0 0 0 0 0 0 0 0 0 0 0 0 0 0 0 0 0 0 0 0 0 0 0 0 0 0 -146.026870075949
0 0 0 0 0 5.263100106469 0 0 0 0 0 0 18.5149037652955 0 0 0 0 -20.0345216875433 0 0 0 0 10.1877715939767 0 0 0 0 0 0 0 -30.1496094760831 0 0 0 15.6757415222109 0 0 0 0 0 0 0 0 19.8357060238472 0 0 0 0 0 0 0 0 0 0 0 0 0 0 0 0 0 -4.03196195986615 -34.2340830552089 0 0 0 1 0 0 0 0 0 0 0 0 0 0 0 0 0 0 0 0 0 0 0 0 0 0 0 0 0 0 0 0 0 0 0 0 0 0 0 0 0 0 0 0 0 0 0 0 0 0 0 0 0 0 0 0 0 0 0 0 0 0 0 0 0 -185.663056406583
0 -7.82141829369689 0 0 0 0 0 0 0 0 0 0 0 0 0 0 0 0 0 0 0 0 0 0 0 0 0 9.60543664960882 0 0 0 0 0 0 0 0 0 0 0 0 0 0 0 0 0 -17.766850368846 0 0 0 0 0 0 0 0 33.0728820703439 0 -37.7314991879462 0 -24.8819298036878 0 0 0 0 43.7607516890418 0 0 0 1 0 0 0 0 0 0 0 0 0 0 0 0 0 0 0 0 0 0 0 0 0 0 0 0 0 0 0 0 0 0 0 0 0 0 0 0 0 0 0 0 0 0 0 0 0 0 0 0 0 0 0 0 0 0 0 0 0 0 0 0 -121.850575387038
0 0 0 0 0 0 0 0 0 0 0 0 0 0 0 0 0 0 0 0 0 0 0 0 0 0 0 0 0 0 0 0 0 0 0 0 0 0 0 15.5208209015462 25.2910869021947 0 0 0 31.0858531249274 0 -45.1573281813812 0 0 0 0 0 0 0 0 0 0 0 0 0 0 0 0 0 0 0 0 0 1 0 0 0 0 0 0 0 0 0 0 0 0 0 0 0 0 0 0 0 0 0 0 0 0 0 0 0 0 0 0 0 0 0 0 0 0 0 0 0 0 0 0 0 0 0 0 0 0 0 0 0 0 0 0 0 0 0 0 0 -42.2844418186087
0 0 0 0 0 0 0 0 0 0 0 0 0 0 0 0 0 -8.5290862302794 0 22.5489055407353 0 0 0 0 0 0 0 0 -36.0955988964395 0 0 0 0 0 0 0 0 0 0 0 0 0 0 0 0 13.2557259152003 0 0 0 0 0 0 0 0 0 -25.3166542594423 0 0 0 0 0 0 0 0 0 0 0 0 0 1 0 0 0 0 0 0 0 0 0 0 0 0 0 0 0 0 0 0 0 0 0 0 0 0 0 0 0 0 0 0 0 0 0 0 0 0 0 0 0 0 0 0 0 0 0 0 0 0 0 0 0 0 0 0 0 0 0 0 -284.385955567345
0 0 33.9972273220784 0 0 33.6670823291279 0 -4.69275816602254 0 0 -10.5241263673264 0 0 0 0 0 0 0 0 0 46.1595301654415 0 0 0 0 0 0 0 0 0 0 0 0 0 0 0 0 0 0 0 0 0 0 0 0 0 -49.1821697519373 0 0 0 0 0 0 0 0 0 0 0 0 0 0 -10.1561310358519 0 0 0 0 0 0 0 0 1 0 0 0 0 0 0 0 0 0 0 0 0 0 0 0 0 0 0 0 0 0 0 0 0 0 0 0 0 0 0 0 0 0 0 0 0 0 0 0 0 0 0 0 0 0 0 0 0 0 0 0 0 0 0 0 0 0 -24.1451365104499
0 0 0 0 0 0 -1.22277260885527 0 11.8136762922027 0 0 0 0 0 0 0 0 0 -42.9990005931572 0 0 0 0 0 0 0 0 0 -35.7312080323396 0 0 0 0 0 0 0 0 0 0 0 0 0 0 0 0 0 0 0 0 0 0 0 0 0 0 0 0 0 0 0 0 0 0 0 0 0 0 0 0 0 0 1 0 0 0 0 0 0 0 0 0 0 0 0 0 0 0 0 0 0 0 0 0 0 0 0 0 0 0 0 0 0 0 0 0 0 0 0 0 0 0 0 0 0 0 0 0 0 0 0 0 0 0 0 0 0 0 0 -200.988723752226
0 0 0 0 0 0 0 0 15.422663236224 0 0 0 0 0 0 0 0 0 0 0 0 0 0 0 0 0 0 0 0 0 0 0 0 0 0 0 0 -28.1680405080092 0 -38.0868071208701 0 0 0 0 0 0 0 0 0 0 0 0 0 0 0 0 0 0 0 0 0 0 0 0 0 0 0 0 0 0 0 0 1 0 0 0 0 0 0 0 0 0 0 0 0 0 0 0 0 0 0 0 0 0 0 0 0 0 0 0 0 0 0 0 0 0 0 0 0 0 0 0 0 0 0 0 0 0 0 0 0 0 0 0 0 0 0 0 -149.706333975149
0 0 0 0 0 0 -45.6862899035826 0 0 0 0 0 0 0 -33.4441818921292 1.1105903601362 0 0 0 0 36.7268018847985 0 0 26.6260738181077 -36.5049075701095 0 0 0 0 0 0 0 0 0 -43.5079322380055 0 0 0 0 0 0 0 0 0 0 0 0 17.24449515439 0 0 0 0 0 0 0 0 0 0 0 0 0 0 0 0 0 0 0 0 0 0 0 0 0 1 0 0 0 0 0 0 0 0 0 0 0 0 0 0 0 0 0 0 0 0 0 0 0 0 0 0 0 0 0 0 0 0 0 0 0 0 0 0 0 0 0 0 0 0 0 0 0 0 0 0 0 0 0 0 -452.21567620702
0 0 0 0 0 -1.77930752592089 -0.458208689279083 0 0 0 0 0 0 0 -18.6516335280492 0 0 0 0 -17.64990303952 0 0 0 0 40.9101313751816 -4.9663376025851 0 0 0 0 0 0 0 0 0 0 0 0 0 0 0 0 0 0 0 0 0 0 0 0 24.8635800290558 0 0 0 0 0 0 0 0 0 0 0 0 0 0 0 0 0 0 0 0 0 0 0 1 0 0 0 0 0 0 0 0 0 0 0 0 0 0 0 0 0 0 0 0 0 0 0 0 0 0 0 0 0 0 0 0 0 0 0 0 0 0 0 0 0 0 0 0 0 0 0 0 0 0 0 0 0 383.125638259899
0 0 0 0 0 0 0 0 0 -31.474667051207 0 0 0 0 0 0 0 -41.5077979574317 0 0 0 0 -29.2970796071883 0 0 5.89156622417609 0 16.1700436914934 0 0 0 0 0 0 0 0 0 0 0 0 0 0 43.9213156370957 0 0 0 0 0 0 0 0 0 0 0 0 0 0 -45.9754625735042 0 0 0 0 0 0 0 0 0 0 0 0 0 0 0 0 0 1 0 0 0 0 0 0 0 0 0 0 0 0 0 0 0 0 0 0 0 0 0 0 0 0 0 0 0 0 0 0 0 0 0 0 0 0 0 0 0 0 0 0 0 0 0 0 0 0 0 0 0 0 -487.885148635705
0 0 0 0 0 0 0 0 0 0 0 -33.6341500949957 0 0 0 0 -6.18766558277679 0 0 0 0 0 0 0 0 0 0 0 0 0 -17.4332395953974 0 0 0 0 -41.0067637689537 0 0 0 0 0 0 0 0 0 0 0 0 0 0 0 0 0 0 0 0 0 0 31.031963599662 0 0 0 0 0 0 0 0 0 0 0 0 0 0 0 0 0 1 0 0 0 0 0 0 0 0 0 0 0 0 0 0 0 0 0 0 0 0 0 0 0 0 0 0 0 0 0 0 0 0 0 0 0 0 0 0 0 0 0 0 0 0 0 0 0 0 0 0 0 -182.838418207222
0 0 0 0 0 0 0 0 0 0 0 0 0 0 0 0 0 0 0 -10.0441025298067 15.5314300069037 0 0 0 0 0 0 0 0 0 0 6.68434984281657 0 0 0 0 0 -49.6878135641298 0 0 0 0 0 0 0 0 0 0 0 0 0 0 0 15.1351480966231 0 0 0 0 0 0 0 0 0 0 0 0 0 0 0 0 0 0 0 0 0 0 0 1 0 0 0 0 0 0 0 0 0 0 0 0 0 0 0 0 0 0 0 0 0 0 0 0 0 0 0 0 0 0 0 0 0 0 0 0 0 0 0 0 0 0 0 0 0 0 0 0 0 0 -153.364916235302
0 0 -18.2902655890143 0 0 0 0 0 0 0 0 0 0 0 0 0 0 0 0 0 -23.4066162785852 0 0 0 0 0 0 0 0 -3.95517967011124 0 0 12.3160939909453 0 0 0 0 0 30.1853430705716 0 6.11641192815721 0 0 0 0 0 0 0 0 0 0 0 0 0 0 0 0 0 0 0 0 -47.5195909658213 0 0 0 0 0 0 0 0 0 0 0 0 0 0 0 0 1 0 0 0 0 0 0 0 0 0 0 0 0 0 0 0 0 0 0 0 0 0 0 0 0 0 0 0 0 0 0 0 0 0 0 0 0 0 0 0 0 0 0 0 0 0 0 0 0 0 177.723251153018
0 0 0 0 0 0 0 0 0 0 0 0 0 0 0 0 0 0 0 0 0 0 0 0 0 0 0 0 0 29.3540436257167 0 0 0 0 0 0 0 0 0 0 0 0 0 0 0 0 0 0 0 0 0 0 0 0 0 0 0 0 0 0 0 0 -22.6911177426372 32.29113441199 0 0 0 0 0 0 0 0 0 0 0 0 0 0 0 1 0 0 0 0 0 0 0 0 0 0 0 0 0 0 0 0 0 0 0 0 0 0 0 0 0 0 0 0 0 0 0 0 0 0 0 0 0 0 0 0 0 0 0 0 0 0 0 0 252.441090503605
0 0 0 0 0 0 0 0 0 0 0 0 0 0 0 0 0 0 0 0 0 0 0 18.8554782752196 0 0 0 0 10.3902451528603 0 0 0 0 0 0 0 0 -11.3049905863671 0 0 0 0 0 0 0 0 0 0 0 0 0 0 0 -43.4464661895776 0 49.8593388275938 0 0 0 0 0 0 0 0 0 0 0 0 0 0 0 0 0 0 0 0 0 0 0 0 1 0 0 0 0 0 0 0 0 0 0 0 0 0 0 0 0 0 0 0 0 0 0 0 0 0 0 0 0 0 0 0 0 0 0 0 0 0 0 0 0 0 0 0 0 0 0 0 502.467348101187
0 0 0 0 16.1043898011053 0 0 0 0 0 0 -27.0827700278829 0 -40.7745424449847 0 -25.9021337863746 0 0 0 0 0 0 0 0 40.256966246009 0 0 0 0 0 -28.2652011297439 0 0 0 0 0 0 0 0 0 0 0 0 0 0 0 0 0 0 0 0 0 0 0 0 0 0 0 0 -2.04772468651581 40.9228263005315 0 0 0 0 0 0 0 0 0 0 0 0 0 0 0 0 0 0 0 0 1 0 0 0 0 0 0 0 0 0 0 0 0 0 0 0 0 0 0 0 0 0 0 0 0 0 0 0 0 0 0 0 0 0 0 0 0 0 0 0 0 0 0 0 0 0 0 -251.131806483309
-30.6217557800922 0 0 -5.20123935475909 11.7800086454913 0 0 0 0 0 0 0 0 0 0 0 0 0 0 0 0 0 0 0 0 0 0 0 0 0 0 0 0 0 0 0 0 0 0 0 0 0 0 0 9.42130329306877 0 0 0 0 0 0 0 0 0 0 0 0 0 16.5877218675335 0 0 -23.2319808618202 0 0 0 0 0 0 0 0 0 0 0 0 0 0 0 0 0 0 0 0 1 0 0 0 0 0 0 0 0 0 0 0 0 0 0 0 0 0 0 0 0 0 0 0 0 0 0 0 0 0 0 0 0 0 0 0 0 0 0 0 0 0 0 0 0 0 23.7148302632692
0 0 0 0 0 0 0 0 0 0 0 -7.61328169478698 0 0 0 0 0 0 0 0 0 0 0 0 0 0 0 0 0 0 0 0 0 29.932379675241 43.2312830215984 0 0 0 0 0 0 0 0 0 0 0 0 0 0 0 0 0 0 0 0 -3.02809026334415 0 0 0 0 0 0 0 -19.3696612591678 0 0 0 0 0 0 0 0 0 0 0 0 0 0 0 0 0 0 0 1 0 0 0 0 0 0 0 0 0 0 0 0 0 0 0 0 0 0 0 0 0 0 0 0 0 0 0 0 0 0 0 0 0 0 0 0 0 0 0 0 0 0 0 0 243.297290043602
0 0 0 0 0 0 0 0 0 0 0 0 0 0 0 0 0 0 -6.06281675713122 0 0 0 0 0 0 0 0 0 0 -19.3139959318179 0 0 0 0 0 0 0 0 0 0 0 0 -22.4987026062352 0 -36.1252613817837 0 0 0 0 0 0 0 0 0 0 0 0 0 0 0 0 0 0 0 0 0 0 0 0 0 0 0 0 0 0 0 0 0 0 0 0 0 0 0 1 0 0 0 0 0 0 0 0 0 0 0 0 0 0 0 0 0 0 0 0 0 0 0 0 0 0 0 0 0 0 0 0 0 0 0 0 0 0 0 0 0 0 0 -365.141318896934
0 0 0 0 0 0 0 0 0 0 -33.3452531308406 -0.605260669837404 0 0 0 0 0 0 -41.3416489144153 0 0 0 42.6838908385081 -35.1523750091671 0 0 0 -33.9520801593924 21.7723587756788 0 17.4894462408198 0 0 -14.1480456966964 0 0 -40.9542096269358 0 0 -49.1751954888901 0 0 0 0 -12.7220968335635 0 0 0 0 0 0 0 0 0 0 0 0 0 0 0 28.8307138672737 0 0 0 0 0 0 0 0 0 0 0 0 0 0 0 0 0 0 0 0 0 0 0 0 1 0 0 0 0 0 0 0 0 0 0 0 0 0 0 0 0 0 0 0 0 0 0 0 0 0 0 0 0 0 0 0 0 0 0 0 0 0 0 0 0 0 0 -375.219374693975
-5.27139434680544 0 0 0 0 0 0 0 0 0 -40.0375317078121 0 0 0 0 0 30.5831138132599 15.9454985328742 0 0 0 0 0 0 0 0 0 0 0 0 0 -4.76359073994346 0 0 3.33623612130849 0 2.66647369261021 12.968105880478 0 0 0 0 0 0 14.6564430916446 0 0 0 0 0 0 0 -30.8169267709956 0 0 30.1732062713705 0 0 0 0 0 0 0 0 0 0 0 0 0 0 0 0 0 0 0 0 0 0 0 0 0 0 0 0 0 0 1 0 0 0 0 0 0 0 0 0 0 0 0 0 0 0 0 0 0 0 0 0 0 0 0 0 0 0 0 0 0 0 0 0 0 0 0 0 0 0 0 0 193.264882058566
0 0 0 0 0 0 0 0 -30.3429009867505 0 0 0 0 0 -8.8706361868999 0 0 -26.4306638483222 0 0 0 0 0 0 0 0 0 0 0 0 0 0 0 0 0 0 0 0 -22.7794561875933 0 0 -49.1331505917246 0 0 42.8280818433486 0 0 0 0 0 0 0 0 0 0 0 0 2.02194950306697 -3.58743918900082 0 0 0 2.35297289171696 0 0 0 0 0 0 0 0 0 0 0 0 0 0 0 0 0 0 0 0 0 0 0 0 1 0 0 0 0 0 0 0 0 0 0 0 0 0 0 0 0 0 0 0 0 0 0 0 0 0 0 0 0 0 0 0 0 0 0 0 0 0 0 0 0 -588.660799656739
-16.3187892690447 -16.7621051873021 0 0 0 0 0 0 0 0 0 0 0 0 0 0 48.8287882218548 -2.62830976999637 0 0 0 0 0 0 0 0 0 0 0 0 0 0 0 0 0 0 0 0 0 0 0 0 0 24.6860937890996 0 0 0 0 16.9958827683787 0 29.5591999661478 0 0 0 -22.7456574963266 0 0 0 0 -21.6084870671783 0 0 0 0 0 0 0 0 0 0 0 0 0 0 0 0 0 0 0 0 0 0 0 0 0 0 0 0 1 0 0 0 0 0 0 0 0 0 0 0 0 0 0 0 0 0 0 0 0 0 0 0 0 0 0 0 0 0 0 0 0 0 0 0 0 0 0 0 829.481736631761
0 0 0 0 0 0 0 0 0 0 0 0 0 0 0 0 21.7255749860709 0 0 0 0 0 0 0 0 0 0 0 0 0 0 0 0 0 0 0 0 0 0 0 0 0 0 0 0 0 0 0 0 0 0 0 -31.5362882067731 0 0 33.3703358649899 0 0 0 0 0 0 0 0 0 0 0 0 0 0 0 0 0 0 0 0 0 0 0 0 0 0 0 0 0 0 0 0 0 1 0 0 0 0 0 0 0 0 0 0 0 0 0 0 0 0 0 0 0 0 0 0 0 0 0 0 0 0 0 0 0 0 0 0 0 0 0 0 163.653628393458
0 0 0 0 0 0 0 0 0 0 0 0 0 0 0 -33.0334987120626 0 0 0 0 45.3265676702766 0 0 0 0 0 0 0 0 0 0 0 0 0 0 0 0 0 0 0 0 0 0 0 0 0 0 22.2548045183909 0 0 0 0 0 0 0 0 0 0 0 0 0 0 0 -36.5751597121176 0 0 0 0 0 0 0 0 0 0 0 0 0 0 0 0 0 0 0 0 0 0 0 0 0 0 1 0 0 0 0 0 0 0 0 0 0 0 0 0 0 0 0 0 0 0 0 0 0 0 0 0 0 0 0 0 0 0 0 0 0 0 0 0 2.47195890816388
0 0 35.309249591138 0 0 43.1692742214252 0 0 0 0 0 0 0 0 0 0 0 0 0 0 0 0 0 0 0 0 0 0 0 0 0 0 0 0 0 0 0 0 0 0 0 0 0 6.41846668418291 0 0 -10.1176669517224 0 0 0 0 0 -5.83974977489715 0 20.1680740801675 0 0 0 0 0 0 0 0 0 0 0 0 0 0 0 0 0 0 0 0 0 0 0 0 0 0 0 0 0 0 0 0 0 0 0 0 1 0 0 0 0 0 0 0 0 0 0 0 0 0 0 0 0 0 0 0 0 0 0 0 0 0 0 0 0 0 0 0 0 0 0 0 0 285.609319917769
0 0 0 0 0 0 0 0 0 0 0 0 0 0 0 0 0 0 -23.9957009340966 0 0 0 0 0 0 0 0 -47.1470549228262 0 0 0 0 0 0 0 0 0 0 0 0 0 0 44.7965234456929 0 0 0 0 0 0 0 0 0 0 0 0 0 0 0 0 0 0 0 0 0 0 0 0 0 0 0 0 0 0 0 0 0 0 0 0 0 0 0 0 0 0 0 0 0 0 0 0 0 1 0 0 0 0 0 0 0 0 0 0 0 0 0 0 0 0 0 0 0 0 0 0 0 0 0 0 0 0 0 0 0 0 0 0 0 -53.9019592869453
49.6168960152439 0 27.9483271476543 0 0 0 0 0 0 0 0 0 0 48.9401408957501 0 0 0 0 0 0 0 -1.24470427064494 0 0 0 0 0 0 0 0 0 0 0 0 0 0 0 0 0 0 0 0 0 0 0 0 0 0 0 -37.2017339927904 0 0 0 0 0 0 0 0 0 0 0 0 0 0 0 0 0 0 0 0 0 0 0 0 0 0 0 0 0 0 0 0 0 0 0 0 0 0 0 0 0 0 0 1 0 0 0 0 0 0 0 0 0 0 0 0 0 0 0 0 0 0 0 0 0 0 0 0 0 0 0 0 0 0 0 0 0 0 410.233237808498
0 0 0 -3.56327225813746 0 0 0 0 0 24.2590490862924 0 0 0 0 0 0 0 0 0 0 17.3391623130582 0 0 0 0 0 0 0 0 0 37.397950733707 0 0 0 0 0 0 0 0 0 0 0 0 0 0 0 0 0 0 0 0 0 0 0 0 0 0 0 0 0 0 0 0 0 0 0 0 0 0 0 0 0 0 0 0 0 0 0 0 0 0 0 0 0 0 0 0 0 0 0 0 0 0 0 1 0 0 0 0 0 0 0 0 0 0 0 0 0 0 0 0 0 0 0 0 0 0 0 0 0 0 0 0 0 0 0 0 0 399.168324231584
0 0 0 0 0 0 25.8250399432241 11.7175241638266 0 0 0 -22.5182776748654 0 0 0 0 0 0 0 0 0 0 0 0 0 0 0 0 -16.362165557797 0 0 0 0 0 0 0 0 0 0 0 0 0 0 0 0 0 0 33.5723542423446 0 0 0 0 0 0 0 0 0 0 0 0 0 0 -11.4113623183761 0 0 0 0 0 0 0 0 0 0 0 0 0 0 0 0 0 0 0 0 0 0 0 0 0 0 0 0 0 0 0 0 1 0 0 0 0 0 0 0 0 0 0 0 0 0 0 0 0 0 0 0 0 0 0 0 0 0 0 0 0 0 0 0 0 306.247014870783
-41.9653437759907 0 0 0 0 0 0 0 36.5584371478723 0 -6.46259395891516 0 -32.7919126476571 0 0 0 0 0 0 0 0 0 0 0 0 0 0 0 0 0 0 0 -49.5703586798736 0 0 0 0 0 0 0 15.2496830492259 0 0 0 0 0 0 0 0 0 0 0 0 0 0 0 0 -13.0310374029903 0 0 0 0 0 0 0 0 0 0 0 0 0 0 0 0 0 0 0 0 0 0 0 0 0 0 0 0 0 0 0 0 0 0 0 0 0 0 1 0 0 0 0 0 0 0 0 0 0 0 0 0 0 0 0 0 0 0 0 0 0 0 0 0 0 0 0 0 0 0 58.7283048802698
0 0 0 0 0 0 0 0 0 0 0 0 -12.3900804379345 0 -5.86575396474138 0 0 1.61238482645464 0 0 0 -19.988538392396 0 0 0 0 0 0 0 0 0 0 0 0 0 0 0 0 0 0 0 0 0 0 0 0 0 0 -2.16781940270981 0 0 0 0 0 0 0 0 0 0 0 0 0 0 0 0 0 0 0 0 0 0 0 0 0 0 0 0 0 0 0 0 0 0 0 0 0 0 0 0 0 0 0 0 0 0 0 0 1 0 0 0 0 0 0 0 0 0 0 0 0 0 0 0 0 0 0 0 0 0 0 0 0 0 0 0 0 0 0 -130.174821377815
0 0 0 0 0 0 0 0 0 0 0 0 0 0 -49.3753114170104 0 0 0 0 0 0 0 0 0 -32.8564104196697 0 0 0 0 0 0 0 0 -19.6442565315734 0 0 0 0 0 0 0 0 0 0 0 0 0 0 0 24.4464561687132 0 0 0 0 0 0 0 0 0 0 0 0 0 0 0 0 0 0 0 0 0 0 0 0 0 0 0 0 0 0 0 0 0 0 0 0 0 0 0 0 0 0 0 0 0 0 0 0 1 0 0 0 0 0 0 0 0 0 0 0 0 0 0 0 0 0 0 0 0 0 0 0 0 0 0 0 0 0 -432.076214433578
0 0 0 0 0 0 0 0 0 0 0 0 0 0 8.08933422011402 0 0 0 20.1207183127599 0 0 0 0 0 0 0 0 0 0 0 0 0 0 0 0 0 0 0 0 0 0 0 0 0 0 0 0 30.4664425130936 35.1985238947533 0 0 0 0 0 0 0 0 -38.2279044075681 0 0 0 0 0 0 0 0 0 0 0 0 0 0 0 0 0 0 0 0 0 0 0 0 0 0 0 0 0 0 0 0 0 0 0 0 0 0 0 0 0 1 0 0 0 0 0 0 0 0 0 0 0 0 0 0 0 0 0 0 0 0 0 0 0 0 0 0 0 0 553.73692807383
0 0 0 15.7263655856109 0 25.2951472185895 0 0 0 0 0 0 0 20.212878991997 0 0 10.511845372825 0 -46.1733374584648 0 0 0 0 0 0 0 0 0 0 0 0 0 0 0 0 0 0 0 0 0 0 0 0 0 0 0 0 0 0 0 0 0 0 0 0 0 0 0 0 0 -30.4849909373057 0 0 0 0 0 0 0 0 0 0 0 0 0 0 0 0 0 0 0 0 0 0 0 0 0 0 0 0 0 0 0 0 0 0 0 0 0 0 0 1 0 0 0 0 0 0 0 0 0 0 0 0 0 0 0 0 0 0 0 0 0 0 0 0 0 0 0 357.468419030798
0 0 0 0 0 0 0 0 0 0 0 0 0 0 0 0 0 0 0 0 0 -16.93183016647 0 0 0 0 0 0 0 0 0 0 0 0 0 0 0 0 0 14.2833401655145 0 0 0 -28.2596072386889 0 0 -42.3090192151996 48.0589355553048 0 0 0 0 0 0 0 0 0 0 0 0 0 0 0 -29.3241038137019 0 0 0 0 0 0 0 0 0 0 0 0 0 0 0 0 0 0 0 0 0 0 0 0 0 0 0 0 0 0 0 0 0 0 0 0 0 1 0 0 0 0 0 0 0 0 0 0 0 0 0 0 0 0 0 0 0 0 0 0 0 0 0 0 -63.02012445289
0 0 0 0 0 0 0 0 0 48.3253339051779 0 0 0 0 0 0 0 0 0 0 0 0 0 0 0 0 0 0 0 0 0 0 11.0371013940751 0 0 0 0 -25.2021447456079 1.79579295128955 0 0 21.2831054074753 0 0 0 -24.0130972600842 0 0 0 -38.5313994028878 0 4.96694965910507 0 -28.1098234165285 0 0 0 0 0 0 0 0 0 0 0 0 0 0 0 0 0 0 0 0 0 0 0 0 0 0 0 0 0 0 0 0 0 0 0 0 0 0 0 0 0 0 0 0 0 0 0 0 1 0 0 0 0 0 0 0 0 0 0 0 0 0 0 0 0 0 0 0 0 0 0 0 0 0 7.01983282790159
0 0 0 -18.7824415790028 0 0 0 0 0 0 0 47.3133082827508 0 0 0 0 0 0 0 0 -19.0809509505494 0 0 0 0 0 0 0 0 0 0 0 0 0 0 0 0 0 0 0 44.6247503422748 0 0 0 0 0 0 0 0 0 -8.94381333814276 0 -48.9666398463825 0 0 0 0 0 0 0 0 0 0 0 0 0 0 0 0 0 0 0 0 0 0 0 0 0 0 0 0 0 0 0 0 0 0 0 0 0 0 0 0 0 0 0 0 0 0 0 0 0 0 1 0 0 0 0 0 0 0 0 0 0 0 0 0 0 0 0 0 0 0 0 0 0 0 0 -38.4171742270467
0 0 0 0 -18.993100272006 0 0 0 0 0 0 -34.4793162362185 0 0 0 0 0 0 0 0 0 0 0 0 0 49.4082540226609 0 0 0 0 0 0 -4.97607953870042 0 0 0 0 0 0 0 4.52182875873078 0 0 0 0 0 0 0 0 0 0 0 0 0 0 0 0 -23.7668221968427 0 0 0 0 0 0 0 0 0 0 0 0 0 0 0 0 0 0 0 0 0 0 0 0 0 0 0 0 0 0 0 0 0 0 0 0 0 0 0 0 0 0 0 0 0 0 1 0 0 0 0 0 0 0 0 0 0 0 0 0 0 0 0 0 0 0 0 0 0 0 55.9129589471078
0 0 38.2541234582714 0 -39.6938928092541 0 0 0 0 0 32.3562689525412 0 0 0 -7.28242695635323 0 0 0 0 0 0 0 0 0 0 0 0 0 0 0 0 0 42.0344682595652 0 0 0 0 0 0 0 0 0 0 0 0 0 0 0 0 2.80121588187687 0 37.0834639780891 0 0 0 -14.7189189391623 0 0 0 0 0 0 -9.98475884763566 0 0 0 0 0 0 0 0 0 0 0 0 0 0 0 0 0 0 0 0 0 0 0 0 0 0 0 0 0 0 0 0 0 0 0 0 0 0 0 0 0 0 1 0 0 0 0 0 0 0 0 0 0 0 0 0 0 0 0 0 0 0 0 0 0 48.3794825240623
0 9.79228904974271 0 0 0 0 41.1517928166822 0 0 0 0 0 0 0 -36.701298086688 0 0 0 0 0 0 0 0 0 0 0 0 0 -45.7832582595031 -9.89610390324293 0 0 0 0 0 0 0 9.570768744932 0 0 0 0 0 0 0 0 0 0 0 0 41.9679296384555 0 0 0 0 0 0 0 0 0 0 0 -20.6224187755855 0 0 0 0 0 0 0 0 0 0 0 0 0 0 0 0 0 0 0 0 0 0 0 0 0 0 0 0 0 0 0 0 0 0 0 0 0 0 0 0 0 0 0 1 0 0 0 0 0 0 0 0 0 0 0 0 0 0 0 0 0 0 0 0 0 272.67340710221
4.50393424187053 0 0 0 0 0 0 0 0 0 0 0 28.1681778277845 0 0 -17.2600458277297 0 0 0 -40.4737231631888 0 0 -5.8317387655912 0 0 0 0 -47.0923180234872 0 17.5390380934978 0 0 0 0 0 0 -38.840962661675 0 0 0 0 0 0 -30.0359719113894 3.01615386105527 0 0 0 0 0 0 0 0 0 0 0 0 0 0 0 0 0 0 0 0 0 0 0 0 0 0 0 0 0 0 0 0 0 0 0 0 0 0 0 0 0 0 0 0 0 0 0 0 0 0 0 0 0 0 0 0 0 0 0 0 0 0 1 0 0 0 0 0 0 0 0 0 0 0 0 0 0 0 0 0 0 0 0 -336.317494358215
0 0 0 0 0 0 0 0 0 0 0 0 0 0 0 0 0 0 0 0 0 0 0 0 0 0 0 0 12.735684723012 0 0 0 0 0 0 -12.6403367769082 0 0 0 0 0 0 0 0 10.6453634019215 0 0 0 0 34.6388684543292 0 0 0 20.1945689210205 0 0 0 0 0 0 -10.7126085579735 0 0 0 0 0 0 0 0 0 0 0 0 0 0 0 0 0 0 0 0 0 0 0 0 0 0 0 0 0 0 0 0 0 0 0 0 0 0 0 0 0 0 0 0 0 0 0 1 0 0 0 0 0 0 0 0 0 0 0 0 0 0 0 0 0 0 0 214.279369080628
0 0 0 0 0 0 0 0 0 0 0 0 7.18686630258228 0 0 0 0 0 -25.0226264816263 0 0 22.7346733111401 0 0 0 0 0 -15.6670854640604 0 0 0 0 0 0 0 0 0 -42.1365325136741 0 0 0 0 0 0 0 0 0 -19.7769071725564 0 0 0 0 0 0 0 0 0 0 0 0 0 0 0 0 0 0 0 0 0 0 0 0 0 0 0 0 0 0 0 0 0 0 0 0 0 0 0 0 0 0 0 0 0 0 0 0 0 0 0 0 0 0 0 0 0 0 0 0 0 1 0 0 0 0 0 0 0 0 0 0 0 0 0 0 0 0 0 0 -462.299587507179
0 0 0 0 0 0 0 0 0 0 0 0 0 0 0 -19.9597518076003 0 0 0 0 0 0 0 0 0 0 0 0 0 0 0 0 0 0 0 0 0 0 0 0 0 0 0 0 0 0 0 0 0 0 0 0 0 0 0 0 0 -47.6778802403365 0 0 0 0 0 -32.3885748342294 0 0 0 0 0 0 0 0 0 0 0 0 0 0 0 0 0 0 0 0 0 0 0 0 0 0 0 0 0 0 0 0 0 0 0 0 0 0 0 0 0 0 0 0 0 0 1 0 0 0 0 0 0 0 0 0 0 0 0 0 0 0 0 0 -415.175240793531
0 0 0 0 0 0 0 0 0 0 0 0 0 0 0 0 0 0 0 0 0 0 0 0 0 0 0 0 0 0 0 0 0 0 0 0 0 0 0 0 0 0 0 0 0 0 0 36.0918796611026 0 0 0 0 0 0 0 0 0 0 0 0 0 0 0 0 0 0 0 0 0 0 0 0 0 0 0 0 0 0 0 0 0 0 0 0 0 0 0 0 0 0 0 0 0 0 0 0 0 0 0 0 0 0 0 0 0 0 0 0 0 0 0 1 0 0 0 0 0 0 0 0 0 0 0 0 0 0 0 0 345.800131580349
15.5948169533555 0 35.6537601321621 0 0 0 0 0 0 0 0 0 0 0 0 0 0 0 0 0 0 0 0 0 0 0 0 0 0 0 0 0 0 0 0 0 0 0 0 0 0 0 0 0 0 0 0 0 0 0 0 0 0 0 0 0 0 0 0 0 -22.9059534187914 39.5947779622096 0 0 0 0 0 0 0 0 0 0 0 0 0 0 0 0 0 0 0 0 0 0 0 0 0 0 0 0 0 0 0 0 0 0 0 0 0 0 0 0 0 0 0 0 0 0 0 0 0 0 1 0 0 0 0 0 0 0 0 0 0 0 0 0 0 0 49.3804124714324
0 0 0 0 0 0 0 0 0 0 0 0 0 0 0 0 0 0 0 0 -29.1209604127619 0 0 0 0 0 0 0 0 0 0 46.4168180246058 0 0 0 -8.56399119608326 0 0 -27.0434786136438 0 0 0 0 0 0 0 0 0 0 0 0 0 0 31.8370198964757 0 0 0 -13.9556506737924 0 0 0 0 0 0 0 0 0 0 0 0 0 0 0 0 0 0 0 0 0 0 0 0 0 0 0 0 0 0 0 0 0 0 0 0 0 0 0 0 0 0 0 0 0 0 0 0 0 0 0 0 0 0 0 1 0 0 0 0 0 0 0 0 0 0 0 0 0 0 59.0214259146148
0 0 0 0 0 0.15240681494324 0 0 0 0 0 0 0 24.7674118436213 0 0 0 0 33.1849880664806 0 0 0 0 0 0 0 0 0 -10.5529017958845 0 0 0 0 0 0 0 0 0 0 0 -40.3363653118285 0 -23.4608385174644 0 0 0 0 0 29.1945012552107 43.6860742600308 0 0 0 0 0 0 0 6.82585883425429 0 0 0 0 43.802155723225 0 0 0 0 0 0 0 0 0 0 0 0 0 0 0 0 0 0 0 0 0 0 0 0 0 0 0 0 0 0 0 0 0 0 0 0 0 0 0 0 0 0 0 0 0 0 0 0 0 0 0 1 0 0 0 0 0 0 0 0 0 0 0 0 0 600.573489031978
0 0 0 0 0 0 0 0 0 0 0 0 9.72483945500038 0 0 0 0 0 0 0 0 0 0 0 0 48.7951967656024 0 26.2348502525266 0 0 0 -31.4384131393144 0 0 0 1.67700056205352 14.0152095210696 0 0 0 0 0 0 0 0 0 0 0 0 0 0 0 0 0 0 0 0 0 0 0 0 0 0 0 0 0 0 0 0 0 0 0 0 0 0 0 0 0 0 0 0 0 0 0 0 0 0 0 0 0 0 0 0 0 0 0 0 0 0 0 0 0 0 0 0 0 0 0 0 0 0 0 0 0 0 1 0 0 0 0 0 0 0 0 0 0 0 0 376.983018565734
0 0 0 0 0 0 36.8950900520154 0 0 0 0 0 0 10.0118369540063 0 0 0 0 49.9669379464957 0 0 0 0 0 0 0 0 0 0 0 -37.0823699596548 0 0 0 0 0 0 0 0 0 0 0 0 0 0 0 0 0 -20.6629355775097 -2.31206263128433 0 0 0 -37.0417567759316 0 -27.1876534899349 0 0 0 0 -31.8927955720212 0 17.2015577816978 0 0 0 0 0 0 0 0 0 0 0 0 0 0 0 0 0 0 0 0 0 0 0 0 0 0 0 0 0 0 0 0 0 0 0 0 0 0 0 0 0 0 0 0 0 0 0 0 0 0 0 0 0 1 0 0 0 0 0 0 0 0 0 0 0 -55.871556267885
0 0 -17.4215159720294 0 0 0 0 0 0 29.0587527491233 0 0 0 0 0 0 0 0 4.60139050453626 0 -26.944343910731 0 18.676246918501 0 0 0 0 0 0 0 0 0 0 0 0 0 -45.0917398528692 0 0 0 0 0 0 0 0 0 0 0 0 0 0 0 7.25985350763685 0 0 0 49.3762320965993 -13.7030970048919 0 5.87206602004415 0 0 0 0 0 0 0 0 0 0 0 0 0 0 0 0 0 0 0 0 0 0 0 0 0 0 0 0 0 0 0 0 0 0 0 0 0 0 0 0 0 0 0 0 0 0 0 0 0 0 0 0 0 0 0 0 0 1 0 0 0 0 0 0 0 0 0 0 523.063676763274
0 0 42.728035439936 0 0 0 0 0 0 0 0 0 0 0 0 0 0 0 0 0 0 0 0 0 -24.0123504528263 0 0 0 0 0 0 0 0 0 0 0 0 0 0 0 0 0 0 0 0 0 0 0 0 0 0 0 0 0 0 0 0 0 0 0 33.2475026591379 0 0 0 0 0 0 0 0 0 0 0 0 0 0 0 0 0 0 0 0 0 0 0 0 0 0 0 0 0 0 0 0 0 0 0 0 0 0 0 0 0 0 0 0 0 0 0 0 0 0 0 0 0 0 0 0 0 1 0 0 0 0 0 0 0 0 0 61.539932468724
0 0 0 0 0 0 0 0 0 0 0 0 0 0 0 -32.4874095201704 0 0 0 0 37.9842193769806 0 0 0 -22.0367235609551 0 0 0 0 0 0 0 34.947600134364 0 0 0 0 30.6716015291715 0 0 0 0 0 0 0 0 0 0 0 0 0 0 0 0 0 0 0 0 0 0 -31.0874847668471 47.8558955309026 0 0 0 0 0 0 0 0 0 0 0 0 0 0 0 0 0 0 0 0 0 0 0 0 0 0 0 0 0 0 0 0 0 0 0 0 0 0 0 0 0 0 0 0 0 0 0 0 0 0 0 0 0 0 0 0 0 1 0 0 0 0 0 0 0 0 -122.819516225646
0 -24.62723400726 27.8546128041703 0 0 0 0 0 0 0 0 0 0 31.0784541101316 0 0 0 0 0 0 0 0 0 0 -0.204705225408175 0 0 0 41.5723151614534 0 0 0 0 0 0 0 0 0 0 0 0 0 0 0 0 0 0 0 0 0 0 0 0 0 0 0 0 0 0 0 0 0 0 0 0 0 0 0 0 0 0 0 0 0 0 0 0 0 0 0 0 0 0 0 0 0 0 0 0 0 0 0 0 0 0 0 0 0 0 0 0 0 0 0 0 0 0 0 0 0 0 0 0 0 0 0 0 0 0 0 1 0 0 0 0 0 0 0 501.060002178176
0 0 0 0 0 0 0 0 -39.9016457004505 -36.4175410778197 0 0 0 0 0 35.8316796023346 0 0 -48.1353515155031 0 0 0 22.8327979461209 0 0 0 31.6657869237454 0 0 0 0 0 0 0 0 0 -38.3779550289338 0 0 0 -1.14436191945431 0 0 0 0 0 0 0 0 0 0 0 0 0 0 0 0 0 0 0 0 0 0 -15.2551593473704 0 0 0 0 0 0 0 0 0 0 0 0 0 0 0 0 0 0 0 0 0 0 0 0 0 0 0 0 0 0 0 0 0 0 0 0 0 0 0 0 0 0 0 0 0 0 0 0 0 0 0 0 0 0 0 0 0 1 0 0 0 0 0 0 -382.382574337974
0 0 0 27.3890998889309 0 0 0 0 0 0 0 0 0 0 0 0 0 0 0 0 0 0 0 0 0 0 0 0 0 0 0 0 0 0 0 0 0 -21.4713264530536 0 0 0 0 0 32.4396709548242 0 0 0 0 0 0 0 0 0 -32.6938917591262 0 0 0 0 0 0 0 0 36.3643463462434 0 0 0 0 0 0 0 0 0 0 0 0 0 0 0 0 0 0 0 0 0 0 0 0 0 0 0 0 0 0 0 0 0 0 0 0 0 0 0 0 0 0 0 0 0 0 0 0 0 0 0 0 0 0 0 0 0 0 0 1 0 0 0 0 0 443.906752502846
0 0 0 0 42.6054760985941 0 0 0 0 0 0 0 0 0 0 0 0 0 0 0 0 0 0 0 0 0 0 -30.8896260700549 -44.9647505950495 0 0 0 0 0 0 0 4.84494719560798 0 0 -49.0482101274321 0 0 0 0 0 0 0 0 0 0 32.8363667546585 40.854440365025 0 0 0 0 0 0 0 0 0 20.5296743968039 0 -25.6669686538248 0 0 0 0 0 0 0 0 0 0 0 0 0 0 0 0 0 0 0 0 0 0 0 0 0 0 0 0 0 0 0 0 0 0 0 0 0 0 0 0 0 0 0 0 0 0 0 0 0 0 0 0 0 0 0 0 0 0 0 1 0 0 0 0 -33.9832973128979
0 0 0 0 8.92315908408644 0 0 0 0 0 0 0 0 0 0 0 0 0 0 0 0 0 0 43.8899963410325 0 0 0 39.5502012450452 0 0 0 0 0 0 0 0 0 0 0 0 0 0 0 0 0 0 0 0 10.622620517904 29.2378324816737 0 0 0 0 0 0 0 0 0 0 0 0 0 33.6167527246825 0 0 0 0 0 0 0 0 0 0 0 0 0 0 0 0 0 0 0 0 0 0 0 0 0 0 0 0 0 0 0 0 0 0 0 0 0 0 0 0 0 0 0 0 0 0 0 0 0 0 0 0 0 0 0 0 0 0 0 0 1 0 0 0 1091.94528375547
0 0 0 0 0 0 0 0 0 0 0 0 0 6.0141090539235 0 0 0 0 0 0 0 0 0 0 0 0 0 -49.9304896027922 0 0 0 0 0 0 0 0 -24.8724869901955 0 0 0 0 0 0 0 0 0 0 0 0 0 0 0 0 -6.80514044630858 -6.93471304234895 0 0 0 0 0 0 0 0 0 0 0 0 0 0 0 0 0 0 0 0 0 0 0 0 0 0 0 0 0 0 0 0 0 0 0 0 0 0 0 0 0 0 0 0 0 0 0 0 0 0 0 0 0 0 0 0 0 0 0 0 0 0 0 0 0 0 0 0 0 0 1 0 0 -346.492336981862
0 0 0 0 0 0 0 37.5233039277568 0 0 0 0 0 0 0 0 0 0 0 -43.2359051248563 0 0 0 0 0 0 0 0 0 0 0 -16.009320999264 0 0 0 0 0 0 0 0 0 0 0 0 0 0 0 0 0 0 0 0 0 0 0 0 0 0 0 0 0 0 0 0 0 0 0 0 0 0 0 0 0 0 0 0 0 0 0 0 0 0 0 0 0 0 0 0 0 0 0 0 0 0 0 0 0 0 0 0 0 0 0 0 0 0 0 0 0 0 0 0 0 0 0 0 0 0 0 0 0 0 0 0 0 0 1 0 11.1906471518959
0 0 0 0 0 0 0 -32.2937933403588 0 0 0 0 0 0 0 0 0 0 0 0 0 -25.3964799199135 0 0 0 0 0 0 0 0 22.7819490287377 0 0 0 0 0 0 0 -21.1795111129982 0 0 0 0 0 0 0 0 0 0 0 0 0 0 0 0 0 0 0 0 0 0 0 0 0 0 0 0 0 0 0 0 0 0 0 0 0 0 0 0 0 0 0 0 0 0 0 0 0 0 0 0 0 0 0 0 0 0 0 0 0 0 0 0 0 0 0 0 0 0 0 0 0 0 0 0 0 0 0 0 0 0 0 0 0 0 0 0 1 -303.117236300023
22.1745584852571 0.619718735528254 -12.5380048836973 9.54572118167436 12.77478185531 -10.1184737699922 -25.0481594111483 0.667684600365832 -18.2421975052795 -45.5574881742909 11.9759052969214 29.9804609042592 34.6632075734041 10.8337240234269 -3.98671931783767 -0.571681379943727 3.89408868918201 0 -39.7771025313951 -37.9100638961425 -23.0237763104182 1.73009959103552 -12.1943706382043 8.08766734920414 -21.0699114544546 -25.5626719933031 4.10845773128812 -23.4911230037365 -47.51230089403 20.85644197451 27.6405688992907 42.740179010786 15.8530129667211 -22.3925387687895 -37.0569250906161 13.0836027150067 -30.826496141599 -1.16359192396733 -10.7756824577651 -12.3237095375339 -25.4523998817069 -14.8222990350392 -34.2296357738281 -5.5877312154625 -8.20053773842419 -18.334157706634 13.4918934673165 -19.9256522245658 2.71817802980328 27.7374287419063 14.8703451569679 15.0422691291112 1.25313255452006 38.900325493811 14.8310722238532 20.7847855484402 -20.2048998724641 39.6868234884247 -24.7193066817272 0.828990849402742 3.21839889325299 2.3003461330159 11.6203523869453 41.9604956676067 0 0 0 0 0 0 0 0 0 0 0 0 0 0 0 0 0 0 0 0 0 0 0 0 0 0 0 0 0 0 0 0 0 0 0 0 0 0 0 0 0 0 0 0 0 0 0 0 0 0 0 0 0 0 0 0 0 0 0 0 0 0 0 0 0
