0 0 0 33.2414696893066 0 0 -42.6985828523312 -12.1099508962944 0 0 0 -41.0105378003433 16.1031787117096 0 -31.428807659625 0 0 -29.1595047556524 0 23.3180725267547 -34.9531888893249 0 0 0 45.537863427149 0 0 0 0 -35.701799121049 0 0 1 0 0 0 0 0 0 0 0 0 0 0 0 0 0 0 0 0 0 0 0 0 0 0 0 0 0 0 0 0 0 0 -494.429056373154
0 0 0 -33.4690028404366 0 0 47.3387119441886 0 0 0 36.6613214442064 -40.2459157845732 35.0295815915921 0 0 0 0 26.2841750369613 47.6991648296701 0 -45.5755631390971 0 40.4397088187263 0 0 0 0 0 37.4545407834495 0 -5.58420000603829 0 0 1 0 0 0 0 0 0 0 0 0 0 0 0 0 0 0 0 0 0 0 0 0 0 0 0 0 0 0 0 0 0 932.285123789014
9.87016827950589 -38.7161821775977 0 4.38681647455549 -6.98333763962795 -46.2083975377956 0 0 0 -42.2884958420065 0 0 0 0 0 0 -20.6192013049143 0 46.454710019227 0 13.7951817812579 16.1455048974428 0 -40.8864107666974 -40.67859888105 30.54188427246 -30.7880451822868 22.7547397196954 46.3045178617721 0 0 0 0 0 1 0 0 0 0 0 0 0 0 0 0 0 0 0 0 0 0 0 0 0 0 0 0 0 0 0 0 0 0 0 -366.263091229093
0 0 0 0 0 15.8143211004327 0 25.8713433429272 0 0 4.26316278608007 -7.15568369486939 0 48.0494375913096 0 36.9576340412036 0 33.03491539006 37.2844385079964 42.6305602259452 0 0 35.7342558961587 0 0 6.70223973163689 26.1557552940193 0 -17.5365596707458 0 0 0 0 0 0 1 0 0 0 0 0 0 0 0 0 0 0 0 0 0 0 0 0 0 0 0 0 0 0 0 0 0 0 0 1791.41519059857
-31.2443491369689 0 0 11.3785418698284 -36.2152011097802 -20.3751772762518 0 0 33.9943167530346 0 0 0 0 40.4915145088187 -0.682363823909093 0 0 0 0 0 42.1586953943153 -33.2388168993876 14.1002203214933 0 0 0 0 0 18.9007372714377 -7.7457069880194 -46.8965685676105 0 0 0 0 0 1 0 0 0 0 0 0 0 0 0 0 0 0 0 0 0 0 0 0 0 0 0 0 0 0 0 0 0 13.2462923776115
-34.885908133631 0 26.0842650420297 -17.7998040197385 -27.5945465435588 0 0 0 0 0 -3.30675543761834 0 0 0 0 -16.3535126873743 0 0 0 -10.614491225474 0 -24.019866044828 0 0 -3.24712477388455 18.127718709112 0 46.4016672785732 37.8928135498988 0 0 0 0 0 0 0 0 1 0 0 0 0 0 0 0 0 0 0 0 0 0 0 0 0 0 0 0 0 0 0 0 0 0 0 -140.43838296796
-45.3134154625687 0 0 34.2470052221831 0 19.0619222630456 -40.3923750723031 0 0 41.0156328304949 0 0 0 0 0 -24.5422624963543 42.1376996584705 -2.2335498888947 0 4.2584251392774 -5.44259667337059 0 0 0 -28.7970288273905 12.8411119434934 -33.9067713722002 0 0 0 0 0 0 0 0 0 0 0 1 0 0 0 0 0 0 0 0 0 0 0 0 0 0 0 0 0 0 0 0 0 0 0 0 0 -11.0900083171675
21.1790020084573 0 0 45.4745052017194 0 0 0 -42.8410722777624 -29.2748710777409 38.2134659140389 -27.7105702755263 0 18.6400221614338 -22.973449587567 11.3298308225327 0 -9.23756421157536 0 0 0 -40.6411765281164 44.1765741190537 18.7768330697908 16.3966135527446 0 0 42.5247675399364 23.1875080757951 0 0 0 0 0 0 0 0 0 0 0 1 0 0 0 0 0 0 0 0 0 0 0 0 0 0 0 0 0 0 0 0 0 0 0 0 395.387473238934
0 31.3039509330316 0 -22.1391712284385 21.2691853859948 14.2726724980317 28.6822522509901 -49.5359654078794 0 -7.29097748261959 -40.9350573018222 0 -22.2759762365756 0 0 -8.15929425904801 0 8.48087234579205 0 14.488799731458 46.3948362966226 11.8599737228737 0 0 0 0 0 0 0 42.7590161040108 0 0 0 0 0 0 0 0 0 0 1 0 0 0 0 0 0 0 0 0 0 0 0 0 0 0 0 0 0 0 0 0 0 0 790.825291613684
5.01993760255808 0 0 32.6337011187704 -26.7166918502455 0 0 -33.0307142213474 7.05879119845293 -37.4218514625293 0 5.34085085291579 0 0 0 38.0708872623135 0 0 43.8898185708541 0 6.46617377345962 23.7685884687505 0 0 0 6.71559694245381 24.4654678599771 0 6.70344213644044 0 0 0 0 0 0 0 0 0 0 0 0 1 0 0 0 0 0 0 0 0 0 0 0 0 0 0 0 0 0 0 0 0 0 0 587.863217104682
0 0 -23.8591518240402 0 37.7447479021384 0 0 0 0 -27.1206652126218 0 0 0 0 0 -3.484818710174 0 -37.5149854026712 6.7255371070767 -11.6921429858906 47.6676780123439 0 -12.9315276101514 0 0 0 0 0 0 47.860319722498 42.2468153255662 4.50942798301683 0 0 0 0 0 0 0 0 0 0 1 0 0 0 0 0 0 0 0 0 0 0 0 0 0 0 0 0 0 0 0 0 741.243364766263
0 0 0 0 0 0 0 -6.42264202642545 30.8882173402516 0 35.321643288656 0 11.4318595043376 0 0 -29.9239652887538 0 0 -38.4627505570978 0 0 -47.5824534369922 0 37.2323053891183 0 0 0 0 24.6171544152864 0 0 21.6185678891448 0 0 0 0 0 0 0 0 0 0 0 1 0 0 0 0 0 0 0 0 0 0 0 0 0 0 0 0 0 0 0 0 279.883994742078
0 0 0 0 0 35.0435399128741 11.1465261476368 0 0 0 0 -33.8619409601919 40.8569602927709 19.2198105618101 0 0 47.9995905163451 0 0 24.7766823913503 13.3238727317042 0 17.6722854409525 0 0 0 0 40.4513691018434 -3.30288060004121 -31.679666606412 0 0 0 0 0 0 0 0 0 0 0 0 0 0 1 0 0 0 0 0 0 0 0 0 0 0 0 0 0 0 0 0 0 0 1402.72511105859
0 0 0 -24.6251643058686 -39.2225498429162 -15.581354277199 0 23.2894005351974 0 -28.1499635311175 1.29638409429005 0 15.2796728350139 -38.4022879927163 0 -49.3952915023266 -9.52407539437342 26.5129649308949 -25.1141139846858 0 0 0 0 0 15.7092205266038 0 0 38.6564564802307 0 -7.27624140738511 0 0 0 0 0 0 0 0 0 0 0 0 0 0 0 1 0 0 0 0 0 0 0 0 0 0 0 0 0 0 0 0 0 0 -871.193018919083
0 27.5079224621785 0 0 -17.7898354925581 0 2.44354291748715 0 -9.68655931501049 0 0 0 0 0 0 12.7576060425888 0 10.1590905525735 38.6804943041978 -1.46198611060884 0 28.5726452835865 0 0 20.8592176743183 10.3381297310677 0 19.5658695293248 -8.50838959931292 0 0 2.47761080483718 0 0 0 0 0 0 0 0 0 0 0 0 0 0 1 0 0 0 0 0 0 0 0 0 0 0 0 0 0 0 0 0 525.803201069573
0 0 0 -42.5221294602379 0 0 0 32.5204006917619 0 0 0 29.2001201220806 0 10.9974324949714 -38.8543171488127 -2.27873944578122 0 0 0.722989094011395 0 0 0 0 0 0 0 0 28.4272081245529 0 0 0 0 0 0 0 0 0 0 0 0 0 0 0 0 0 0 0 1 0 0 0 0 0 0 0 0 0 0 0 0 0 0 0 0 -30.112606316905
0 -24.6241656247859 0 0 -18.543670190746 -19.1985491820958 0 0 0 0 7.20643707330454 31.3598468787525 0 36.6304563747232 -19.9396465972021 -38.210988336996 33.650061968724 -36.1544277315504 0 0 -48.5520998221097 0 31.7967056493602 0 0 0 -9.67257360644198 0 0 -27.9402221433866 40.8432936145882 -47.4024114271522 0 0 0 0 0 0 0 0 0 0 0 0 0 0 0 0 1 0 0 0 0 0 0 0 0 0 0 0 0 0 0 0 -635.846939496446
-47.2328008069545 -33.1324036230947 23.0700124671143 0 0 0 0 -24.2656257485761 43.0558746632064 -14.6636820541935 5.97331290607954 27.5559410684891 0 -46.1665646026334 -14.6128446140077 1.69788812725239 -26.3092293839872 -48.9749090955848 0 0 17.2801410167662 0 12.6618257876256 0 0 0 0 0 -45.3556268158408 0 0 14.0017397374567 0 0 0 0 0 0 0 0 0 0 0 0 0 0 0 0 0 1 0 0 0 0 0 0 0 0 0 0 0 0 0 0 -601.568617662575
-42.2052622983804 33.0854548590919 3.00932274454899 -8.23929460123807 46.253476707982 0 38.4702664295794 -15.2767852069883 0 49.6942330635233 0 0 -1.96981321223475 -39.679870912921 0 33.0117986900639 0 -28.8281812205288 23.0259510862484 0 1.65323555344445 0 23.3893679285769 0 0 0 -7.31718193109877 -44.8074038296713 7.34753806674835 0 0 0 0 0 0 0 0 0 0 0 0 0 0 0 0 0 0 0 0 0 1 0 0 0 0 0 0 0 0 0 0 0 0 0 624.631775822078
0 0 -28.66274309733 0 0 -29.5271385019415 0 -44.417230120735 -6.00766118157444 0 0 0 0 0.194113872697632 0 10.3441424600358 38.3612142206916 33.9193901484545 0 0 -34.4987193090561 23.0398274257622 0 47.8366607391801 0 0 0 0 0 -47.0291091676163 0 0 0 0 0 0 0 0 0 0 0 0 0 0 0 0 0 0 0 0 0 1 0 0 0 0 0 0 0 0 0 0 0 0 -466.327379076374
0 0 0 -32.9925518144019 0 30.1511471079956 -4.30377345940766 0 0 0 34.8676623555409 0 5.84806192516648 0 0 0 0 0 34.8864623677901 -27.8568318283322 0 0 21.8232768605488 0 -45.6066550634878 0 0 -27.1742263920604 22.4591917691993 0 0 0 0 0 0 0 0 0 0 0 0 0 0 0 0 0 0 0 0 0 0 0 1 0 0 0 0 0 0 0 0 0 0 0 8.88919934618937
0 0 0 0 4.94460055296322 0 0 0 0 0 0 0 0 26.2583872754748 0 0 34.0549334751841 0 0 0 25.2164442305874 0 15.6044576495684 0 49.9505133592029 0 32.8926438146001 0.117214500727436 8.82060764529512 0 1.66671375783919 0 0 0 0 0 0 0 0 0 0 0 0 0 0 0 0 0 0 0 0 0 0 1 0 0 0 0 0 0 0 0 0 0 1156.80047730919
36.234097666183 8.07934040783907 0 0 -46.5353477465051 0 0 0 25.9783196611789 23.8745966858725 -9.0874234812082 0 6.66936186270731 19.8086513860577 0 0 0 14.8206350710322 0 24.8126067996812 26.2617955547959 0 0 0 41.8446309589406 0 -8.18364128108124 0 10.1870744903665 0 -40.2028187953872 0 0 0 0 0 0 0 0 0 0 0 0 0 0 0 0 0 0 0 0 0 0 0 1 0 0 0 0 0 0 0 0 0 539.991474023514
0 0 -42.9247938791175 0 0 0 0 -46.7962101575476 7.02712187497888 0 0 -32.269468323227 0 0 0 -40.2308847814471 -28.4817235898997 -47.7599096481913 32.2590389776479 -17.0217879348254 20.7372305279255 21.6040387232398 -11.0641000268939 49.7143340328476 27.8368325657708 0 0 0 0 -3.96490371303794 42.6133090251798 0 0 0 0 0 0 0 0 0 0 0 0 0 0 0 0 0 0 0 0 0 0 0 0 1 0 0 0 0 0 0 0 0 -237.384103613646
0 -0.656203475157513 6.18572159344969 0 26.1512112329311 0 0 35.2741707307665 0 0 -19.2037989464038 0 -31.8643972993261 25.5248384789344 0 0 0 0 0 0 -5.27069743482311 7.02489975581808 0 -14.1816271927272 0 0 0 36.7461818784643 24.3808471706287 0 -8.76748982047716 0 0 0 0 0 0 0 0 0 0 0 0 0 0 0 0 0 0 0 0 0 0 0 0 0 1 0 0 0 0 0 0 0 648.649315143233
0 0 0 0 0 0 0 -18.0121448204149 0 44.5777146765328 0 0 47.0995866264661 0 41.0260091999457 3.11767761484875 0 47.5586601708902 0 1.35475500139329 0 0 0 0 0 18.3737425334496 0 -46.1262184466483 18.7428078102904 0 41.0056791365092 -47.5482977948202 0 0 0 0 0 0 0 0 0 0 0 0 0 0 0 0 0 0 0 0 0 0 0 0 0 1 0 0 0 0 0 0 304.339500089168
43.4055622575647 0 29.4945061298588 -11.2965952454418 0 0 0 -38.0661223376448 0 0 -36.8320946488285 0 20.2516594886558 0 -2.44311056209687 0 0 0 -11.7216490299258 28.7577818252256 -49.401562458712 0 0 -23.9828888418453 0 -41.3128837865988 0 0 37.7436285937028 0 13.9203305002807 33.0623964145207 0 0 0 0 0 0 0 0 0 0 0 0 0 0 0 0 0 0 0 0 0 0 0 0 0 0 1 0 0 0 0 0 104.671238133792
0 -18.3704865003459 0 32.2036859422658 -5.22586136064479 0 0 0 -45.2951613906131 0 0 0 0 0 -11.9085061859232 0 0 2.7093794054032 0 32.238089130759 32.0692870109253 0 -43.5651167596523 0 14.7661564387393 0 0 -5.81761028174765 0 0 0 0 0 0 0 0 0 0 0 0 0 0 0 0 0 0 0 0 0 0 0 0 0 0 0 0 0 0 0 1 0 0 0 0 -148.293267849784
7.28717330537975 0 -47.5637892737722 0 0 0 2.35979296708976 25.629626985266 34.7634986330618 0 0 47.1539459587994 0 0 -4.77807524565175 -34.6720033479764 25.7201133972428 0 0 -37.7212659296077 0 14.8057791490036 0 -28.5332432276795 0 -22.251589064219 11.6039615237284 0 0 0 46.2769661345042 0 0 0 0 0 0 0 0 0 0 0 0 0 0 0 0 0 0 0 0 0 0 0 0 0 0 0 0 0 1 0 0 0 515.608962902193
6.48502794025554 13.654899496656 0 0 0 -47.3592584284605 17.1802749369055 -47.5786556152276 20.1836439866107 0 0 0 0 -6.28096924343784 -27.5452503982452 -22.9369851285572 0 31.7763378710192 -48.7172061762024 0 0 0 0 0 0 0 0 23.7522223693964 0 0 0 0 0 0 0 0 0 0 0 0 0 0 0 0 0 0 0 0 0 0 0 0 0 0 0 0 0 0 0 0 0 1 0 0 -358.581236077694
0 0 0 0 0 0 0 28.1271122545261 0 0 -4.41049935756163 0 0 0 31.9669898620983 0 0 0 0 0 6.74985923553153 0 0 0 0 0 0 0 0 8.37323835299377 0 0 0 0 0 0 0 0 0 0 0 0 0 0 0 0 0 0 0 0 0 0 0 0 0 0 0 0 0 0 0 0 1 0 260.749616874036
0 46.0485190410158 47.9443785887244 0 0 0 0 -1.30035547622908 0 2.5371500398597 0 0 0 33.7139801714229 0 0 -42.0547241475079 0 0 0 -47.7546886206764 0 47.3465001913048 0 0 -15.6415228450145 28.9915500787935 0 0 12.9116417377775 0 0 0 0 0 0 0 0 0 0 0 0 0 0 0 0 0 0 0 0 0 0 0 0 0 0 0 0 0 0 0 0 0 1 426.888363206064
0 0 0 -47.3970915285692 -9.76400335841762 -43.6570515657938 0 0 -18.725964502214 0 -24.9569267143197 25.0302847281462 0 -3.01223060220268 0 0 0 -44.3400610928664 47.4534954466964 -31.9891212408342 -27.5400262032348 1.84764245932825 0 -29.1107604955077 0 0 0 0 0 -37.3497139472869 0 0 0 0 0 0 0 0 0 0 0 0 0 0 0 0 0 0 0 0 0 0 0 0 0 0 0 0 0 0 0 0 0 0 -1749.42742937083
-13.8884498524556 0 0 -35.4916122097548 0 0 -44.8878525216984 11.4029153080277 0 5.45164707045196 0 0 0 -6.71088565947456 0 17.7018370428968 0 10.2611826518401 0 8.28503026504701 11.4344694799454 0 16.3722041294903 0 0 0 0 -20.9102422829057 14.7043774038643 0 0 -24.723788000287 0 0 0 0 0 0 0 0 0 0 0 0 0 0 0 0 0 0 0 0 0 0 0 0 0 0 0 0 0 0 0 0 -625.863422375854
-13.4264715746249 0 0 0 0 0 0 18.2131225042039 0 0 0 0 0 9.45704924758468 -31.4079358668332 8.67056395831057 0 0 23.1104732503792 0 -43.3051873045035 0 -9.61308926130077 0 0 0 -22.0104172784611 -30.8532703578065 0 0 0 -34.5036355260947 0 0 0 0 0 0 0 0 0 0 0 0 0 0 0 0 0 0 0 0 0 0 0 0 0 0 0 0 0 0 0 0 -780.690754219694
-7.76170910712486 0 0 28.2853856701107 -15.7142812747812 0 0 -39.216959920045 -39.0134862090938 0 0 0 0 -0.953067303107136 0 21.2971471216703 22.8633409442934 48.6068861762278 0 0 0 44.8313198354545 -34.1008428894485 13.5505532927375 0 0 46.7904030100644 -6.14529519428377 0 -43.388346349572 0 12.5398897422927 0 0 0 0 0 0 0 0 0 0 0 0 0 0 0 0 0 0 0 0 0 0 0 0 0 0 0 0 0 0 0 0 -101.684863604117
0 0 0 0 0 19.4013902648332 0 0 42.650586615601 0 0 0 -41.4684038802587 0 0 18.8650324841236 0 0 0 27.1610520274717 40.176209542586 19.7652783159676 0.176592878760473 0 0 0 0 20.2164469900435 -14.3254538529883 -7.77422334536315 0 0 0 0 0 0 0 0 0 0 0 0 0 0 0 0 0 0 0 0 0 0 0 0 0 0 0 0 0 0 0 0 0 0 1129.35153293026
2.18293907431161 0 0 0 0 0 0 -19.0787761714235 0 0 0 0 0 0 0 0 0 0 32.3193191784393 0 0 0 8.22634364158481 0 -25.1138618557767 -16.091417034231 0 0 0 0 2.46610303710424 1.83824818843606 0 0 0 0 0 0 0 0 0 0 0 0 0 0 0 0 0 0 0 0 0 0 0 0 0 0 0 0 0 0 0 0 134.859933015059
0 -39.8017176119914 0 46.2788257386644 0 0 -22.5768791583666 0 -8.36644288179654 0 0 -30.7462008713891 -24.9874002333772 0 0 2.23675750429231 -19.0468587671017 0 0 0 8.50931257235797 33.4533938123146 0 0 0 0 0 21.5541555379108 0 0 0 0 0 0 0 0 0 0 0 0 0 0 0 0 0 0 0 0 0 0 0 0 0 0 0 0 0 0 0 0 0 0 0 0 35.5132437541157
-22.010690548791 0 0 0 0 0 0 48.1399384820046 6.30480147970743 0 8.50731195281196 0 0 0 -28.1717114170803 -48.2855537647555 0 -14.3811137424557 0 0 0 0 0 -8.74303085471112 0 0 0 5.08932740533857 -15.8557221096137 0 13.3305895472678 0 0 0 0 0 0 0 0 0 0 0 0 0 0 0 0 0 0 0 0 0 0 0 0 0 0 0 0 0 0 0 0 0 -77.6203648851473
0 41.7818075495302 -46.2330379675695 0 0 46.7499023985552 15.0319860349614 0 0 0 0 -39.8429881628319 0 -32.067859412855 0 0 -13.6139210491742 0 -1.35757034968828 0 0 1.31113530379472 0 0 -19.3054870506152 0 -33.0004828804641 0 0 23.109346353928 43.8296653674916 -17.8163368211263 0 0 0 0 0 0 0 0 0 0 0 0 0 0 0 0 0 0 0 0 0 0 0 0 0 0 0 0 0 0 0 0 400.243867218197
0 -8.04967407861227 0 -39.6361780898754 0 18.6555587186244 0 0 0 0 0 0 0 -33.8922149169508 0 0 0 0 -19.0335326681893 35.2478927392492 0 0 24.3097254167309 -18.2592038263946 0 0 0 0 23.9184322970401 44.5733614445376 0 0 0 0 0 0 0 0 0 0 0 0 0 0 0 0 0 0 0 0 0 0 0 0 0 0 0 0 0 0 0 0 0 0 307.292979489862
15.8737605749171 0 0 -14.8043637355718 0 38.6015668391995 0 18.9588050320872 0 0 -8.86705376256715 -31.4160715157588 0 0 0 0 0 0 17.8571521404242 -42.2360728348034 -39.7098311297774 43.5368086461865 0 31.6292954073282 0 0 0 0 0 5.69128797788909 15.7044277689062 0 0 0 0 0 0 0 0 0 0 0 0 0 0 0 0 0 0 0 0 0 0 0 0 0 0 0 0 0 0 0 0 0 112.607915095206
31.0463033754792 16.6885012871919 -15.7558821328864 9.79679189882309 36.0808610703771 17.4810466575622 0 0 0 0 0 -20.0590087473973 -2.08122719510052 0 -29.5930423019423 18.9337253631994 0 32.1197763897839 0 18.7862575332364 0 11.4136847169141 -10.3225041996198 0 0 0 0 0 6.7106246120931 -37.3574187549132 -21.9290311535435 0 0 0 0 0 0 0 0 0 0 0 0 0 0 0 0 0 0 0 0 0 0 0 0 0 0 0 0 0 0 0 0 0 599.148033939892
0 0 29.8192319066052 38.3887907333605 27.2503486266742 0 0 0 33.2890837776862 16.6069381067074 0 -23.9997169826501 0 0 37.5616365938629 0 0 45.5126013892268 0 0 0 0 0 0 42.4865710498644 18.2233652392945 0 0 -30.8219813196356 0 -28.3878945490432 0 0 0 0 0 0 0 0 0 0 0 0 0 0 0 0 0 0 0 0 0 0 0 0 0 0 0 0 0 0 0 0 0 1152.86415605119
0 0 0 0 18.947062387708 0 -11.7144173946387 -12.6943326118348 0 0 0 0 -44.0915791718947 0 -1.30590431266462 0 1.86685036900174 0 0 9.78302153523492 0 0 45.460668369721 0 -46.9566171940566 -45.7214392613329 0 0 0 -32.2928913240705 0 23.763551320329 0 0 0 0 0 0 0 0 0 0 0 0 0 0 0 0 0 0 0 0 0 0 0 0 0 0 0 0 0 0 0 0 124.518305321571
0 20.7862667858825 0 0 0 46.4175805394992 0 0 0 40.5883320130608 -24.4717012449521 0 0 0 0 0 0 0 -1.40138525729208 0 0 0 0 0 0 0 24.9751182963238 0 -9.75191800704287 -21.8350082571331 -32.5515690672147 0 0 0 0 0 0 0 0 0 0 0 0 0 0 0 0 0 0 0 0 0 0 0 0 0 0 0 0 0 0 0 0 0 280.269512558254
0 9.42413798826083 0 -21.664081026184 0 0 18.9120349181351 0 13.480268294938 23.9469992556037 38.7527761135638 0 0 -36.8602308678496 35.2018366668099 0 26.6147274148743 0.731271482633356 -10.2483622185083 -9.24352386849522 49.1977808220367 12.6619294255118 0 0 11.2187626024271 -32.7084728333551 0 0 0 0 0 0 0 0 0 0 0 0 0 0 0 0 0 0 0 0 0 0 0 0 0 0 0 0 0 0 0 0 0 0 0 0 0 0 658.675013406715
-35.3246066455231 0 0 0 0 0 -43.5297407877279 43.2020114426196 0 31.5136895157511 0 9.99468015013133 -25.3282823460035 0 0 0 0 49.022928662423 9.03719285507373 5.78683381046813 37.6173175336835 44.3936091222376 -18.6596528834945 0 43.1008566692216 -46.8901828389089 0 0 0 0 -32.191758939258 0 0 0 0 0 0 0 0 0 0 0 0 0 0 0 0 0 0 0 0 0 0 0 0 0 0 0 0 0 0 0 0 0 35.3209392313868
0 -28.7642373969369 44.0695925247253 0 37.792022550678 0 -37.6866529334431 0 0 0 -42.1699819969603 0 0 -46.0971742785835 -47.969795363295 40.0395355518358 0 0 0 -21.3299759977272 -21.9007480369231 -20.1617873544291 0 27.8867094295517 0 29.7421820454787 0 -34.4089861572964 20.1504995762075 0 -3.43411221132247 0 0 0 0 0 0 0 0 0 0 0 0 0 0 0 0 0 0 0 0 0 0 0 0 0 0 0 0 0 0 0 0 0 -663.667491329055
0 32.1280620431132 -46.0208799098206 0 0 0 0 0 0 0 0 0 -26.9805855005138 0 -40.4754026149053 0 -41.9048085808794 0 0 0 0 -30.3480752986787 0 -0.836361685162779 0 0 0 0 -24.6966917956344 28.0989530863899 0 0 0 0 0 0 0 0 0 0 0 0 0 0 0 0 0 0 0 0 0 0 0 0 0 0 0 0 0 0 0 0 0 0 -399.816629961021
-49.9481023342734 0 1.97922981711706 -30.2606363904532 0 0 0 20.9505719007546 41.6326258344272 0 -18.3818414334848 -5.53735661250007 0 -42.7376787309428 0 0 0 0 0 0 0 -26.7948782563077 0 41.9162820955473 0 0 0 0 0 0 0 0 0 0 0 0 0 0 0 0 0 0 0 0 0 0 0 0 0 0 0 0 0 0 0 0 0 0 0 0 0 0 0 0 -234.458273199484
5.33188285588968 0 0 0 29.968516475368 44.9308139956299 -36.697495818153 0 -9.14586541743875 2.42324953466951 0 -23.5159511481299 -1.99514650240782 -42.7568247309394 0 5.50660435000258 0 30.5333977647379 0 0 39.0305446418 0 0 0 43.0949109262033 0 24.3730164232739 15.9058216824651 0 0 -31.4190128843464 0 0 0 0 0 0 0 0 0 0 0 0 0 0 0 0 0 0 0 0 0 0 0 0 0 0 0 0 0 0 0 0 0 647.37400628439
30.7830777775207 28.1715601601622 0 -4.96563321082949 -0.631925451541371 0 -4.41745251845007 0 -41.7263043937775 0 0 0 0 -15.1011657194792 0 -6.80068660444968 0 0 0 0 0 35.2495623824031 0 38.7998728383124 7.29568308935605 0 0 0 0 0 -21.4243187308755 -22.535130265042 0 0 0 0 0 0 0 0 0 0 0 0 0 0 0 0 0 0 0 0 0 0 0 0 0 0 0 0 0 0 0 0 -497.825035887218
0 0 0 9.09682781037476 0 31.9177138441019 0 0 0 0 -44.8920365094792 0 0 0 0 -19.7274871867201 0 1.24923694632357 0 0 0 0 0 0 -13.8256723904761 0 0 34.8544740900932 0 0 0 0 0 0 0 0 0 0 0 0 0 0 0 0 0 0 0 0 0 0 0 0 0 0 0 0 0 0 0 0 0 0 0 0 341.331153937092
0 0.755201018256002 0 13.8253724405136 0 0 0 29.0492694313655 0 24.5633658368397 0 0 0 0 -33.4592864328727 28.9328300269903 0 0 0 0 0 -23.1992501093006 -23.4123036424979 -30.4252129180083 -12.8168692555959 0 0 0 0 0 0 37.3469605501719 0 0 0 0 0 0 0 0 0 0 0 0 0 0 0 0 0 0 0 0 0 0 0 0 0 0 0 0 0 0 0 0 380.084212536047
-27.7271717045263 0 0 -1.65250006488288 47.5320573066477 0 1.97180698926962 25.417112683081 0 0 0 0 10.4640095249122 0 0 0 0 0 13.437609764199 0 0 0 0 0 -47.6830356663033 42.2056684171757 0 -35.7796100974956 0 0 17.7244221630379 -17.5552156013344 0 0 0 0 0 0 0 0 0 0 0 0 0 0 0 0 0 0 0 0 0 0 0 0 0 0 0 0 0 0 0 0 156.89660819153
32.2331938646702 -19.0213045824837 0 -16.1848941116486 -26.20168810273 0 0 -29.9017313236899 0 3.49001272079722 0 0 0 0 0 0 0 41.7842521408813 0 0 -34.0525411514941 5.08977973760082 0 -17.4508511821319 -31.0212064084755 0 6.50842278207313 0 -18.4397340451041 -30.1041345994177 0 0 0 0 0 0 0 0 0 0 0 0 0 0 0 0 0 0 0 0 0 0 0 0 0 0 0 0 0 0 0 0 0 0 -785.085893499305
0 -35.7205985725953 0 0 0 0 0 0 0 0 0 -46.6201974384296 0 0 0 0 0 0 -45.9733505237175 13.4697903164391 0 0 0 2.6570570247287 0 0 0 0 -33.3891184647942 0 0 0 0 0 0 0 0 0 0 0 0 0 0 0 0 0 0 0 0 0 0 0 0 0 0 0 0 0 0 0 0 0 0 0 -566.05657660341
-36.069297183235 24.0381625824929 0 0 0 0 0 0 7.79967563346379 0 0 -8.40185612140882 0 0 0 0 0 6.51957711004992 34.0655632626113 0 0 12.2060910986708 3.5739707003812 0 0 -17.7422966051918 44.1635653917787 0 0 0 48.5855570487576 0 0 0 0 0 0 0 0 0 0 0 0 0 0 0 0 0 0 0 0 0 0 0 0 0 0 0 0 0 0 0 0 0 898.267086257463
-45.3790870446529 -29.3213986700262 0 48.9119022512742 40.660216917389 11.5019687889973 0 2.13450358192995 36.4408531352345 0 0 -33.3226075860131 0 7.01958593849203 41.6771833831156 0 0 -42.2359278674477 0 41.2235646880542 0 0 27.4358367783362 0 0 0 0 -8.6306001840001 0 0 11.0517807142531 0 0 0 0 0 0 0 0 0 0 0 0 0 0 0 0 0 0 0 0 0 0 0 0 0 0 0 0 0 0 0 0 0 1302.52396784551
34.1450935354436 5.43874650902975 0.0121336943681993 0 23.9010491364704 -1.03222968281076 0 0 0 36.5364653762486 0 0 -27.9304619071113 0 -37.9107206767105 46.9668751225247 0 0 -38.2616496069267 0 0 0 19.2635726028811 0 -21.3676072691226 0 9.02743399179913 0 -18.3359369112113 40.0562824212814 -39.7035054736136 18.4395033417046 0 0 0 0 0 0 0 0 0 0 0 0 0 0 0 0 0 0 0 0 0 0 0 0 0 0 0 0 0 0 0 0 494.826566825695
0 0 -47.3455906803888 11.1830528537962 0 0 -44.2609661114672 -24.1840521406738 0 -39.9975129275441 29.2945487441062 0 0 0 -11.7662630919307 0 0 0 12.5574167727918 0 0 0 0 0 0 42.8596089221137 0 0 0 0 0 12.0590204504169 0 0 0 0 0 0 0 0 0 0 0 0 0 0 0 0 0 0 0 0 0 0 0 0 0 0 0 0 0 0 0 0 -389.849679037827
-8.31257916761715 -22.9356407538792 0 -49.9203448134858 0 0 0 0 0 0 7.8274437016572 0 4.79463062781207 44.8307518360471 32.4014017042894 14.0629985639704 49.8779250857973 0 0 -28.6709245018513 0 0 0 -6.13178266570171 0 0 -10.9976526128233 13.6578794524005 0 -18.3867715192578 -22.7433428338537 -4.89718979135747 0 0 0 0 0 0 0 0 0 0 0 0 0 0 0 0 0 0 0 0 0 0 0 0 0 0 0 0 0 0 0 0 -407.109674755966
5.98614195910153 0 -6.96167826734918 0 19.4753542864454 41.7955454413094 0 0 0 0.393555118155153 0 0 0 0 0 0 0 -21.5749768761865 -30.8239734935711 -33.078688650035 0 0 0 0 0 37.4199001270566 0 0 27.7175978446259 0 0 0 0 0 0 0 0 0 0 0 0 0 0 0 0 0 0 0 0 0 0 0 0 0 0 0 0 0 0 0 0 0 0 0 159.643050658727
0 0 -12.5602409748297 43.4531208583651 0 -5.63223414374981 0 -18.1711785817002 38.598160646154 0 0 31.3184324109209 0 0 0 0 0 0 0 0 0 0 33.760325611176 -24.4762256723748 0 0 0 0 36.6246042377382 -17.2618256028278 6.59794995064833 -38.428660354552 0 0 0 0 0 0 0 0 0 0 0 0 0 0 0 0 0 0 0 0 0 0 0 0 0 0 0 0 0 0 0 0 711.761805840343
0 -28.428572713239 -27.7959395611576 0 6.41456640977133 -49.2137485704782 0 23.5384221749293 11.0129905708048 0 -16.0779849998712 0 0 0 0 1.14386053112759 0 0 0 0 34.4565383453575 0 0 -13.9550690148559 33.7472398928387 0 0 0.697210755209343 -16.3867799838386 0 0 0 0 0 0 0 0 0 0 0 0 0 0 0 0 0 0 0 0 0 0 0 0 0 0 0 0 0 0 0 0 0 0 0 -123.514292740249
0 0 0 0 36.2498078722501 -34.3994358106978 0 -39.1372645407133 0 0 -18.8028689733746 0 0 0 19.1573505650552 0 0 29.460582468957 0 4.38346958256212 -47.771728711722 22.6434382737051 0 0 0 0 0 0 -19.4454356696676 0 0 23.9799792658525 0 0 0 0 0 0 0 0 0 0 0 0 0 0 0 0 0 0 0 0 0 0 0 0 0 0 0 0 0 0 0 0 -238.491528225224
-24.6056598100733 0 0 0 0 0 0 0 0 0 -15.1112044328392 25.063211115996 0 28.8187349199478 0 0 30.6211816637911 0 0 -49.4941569820391 45.8393694616237 0 0 0 0 0 0 0 0 19.4737498668627 21.2117270248566 0 0 0 0 0 0 0 0 0 0 0 0 0 0 0 0 0 0 0 0 0 0 0 0 0 0 0 0 0 0 0 0 0 443.646361234228
21.0264796474865 0 0 0 -6.11473327490027 0 0 48.266214683202 49.6007850800941 -20.5441461053595 27.1454436841469 12.0422120928236 0 0 -25.4976689124157 0 0 0 -38.6073440122578 0 0 -48.7212013309071 0 0 -3.47761567923782 46.1555690270308 -6.76024739965999 19.5565745993168 0 -43.6174849885708 21.6791354727037 -45.3394824523337 0 0 0 0 0 0 0 0 0 0 0 0 0 0 0 0 0 0 0 0 0 0 0 0 0 0 0 0 0 0 0 0 138.709229027364
8.86113657014691 0 0 12.4473848123495 0 14.8172554596777 -3.72463098595136 0 0 30.3550083839209 0 0 0 0 0 0 0 37.1998279940464 0 0 0 0 0 41.6497944599066 -20.5380933363618 12.1337827823658 -41.7341588872441 0 1.071615954885 0 0 46.552591572406 0 0 0 0 0 0 0 0 0 0 0 0 0 0 0 0 0 0 0 0 0 0 0 0 0 0 0 0 0 0 0 0 754.262332009942
0 0 7.9489211846263 0 0 0 21.7834391201416 0 -12.8535771950083 -9.42664883005061 44.0071801758188 0 0 -30.5146810430062 0 0 -27.8101731479656 -33.6661708188839 20.7399430321158 0 0 0 25.934629588298 0 0 0 0 0 0 0 0 0 0 0 0 0 0 0 0 0 0 0 0 0 0 0 0 0 0 0 0 0 0 0 0 0 0 0 0 0 0 0 0 0 61.5098725029947
0 0 41.7842233635604 7.54059334247914 0 9.63806563358965 0 0 0 0 0 0 0 -2.55919891777573 3.58363810400926 0 -44.4598871729111 0 0 -17.2340651556804 -20.4702461212926 -12.7166752098314 0 0 0 0 0 28.355123127205 -22.170506645213 23.9820307402563 0 0 0 0 0 0 0 0 0 0 0 0 0 0 0 0 0 0 0 0 0 0 0 0 0 0 0 0 0 0 0 0 0 0 -128.69628844793
0 -8.20560999970246 0 0 24.5852932080518 0 0 31.3962497090269 -39.711617689374 0 0 0 0 0 -9.96616969333145 0 22.5444436459895 0 0 0 0 0 0 0 0 33.9938800939854 0 8.64210150453204 36.7537121343982 0 0 4.32325448468164 0 0 0 0 0 0 0 0 0 0 0 0 0 0 0 0 0 0 0 0 0 0 0 0 0 0 0 0 0 0 0 0 453.526759161734
0 0 -8.46658412517524 -19.7765531590276 -18.6666472501871 0 0 -43.0283334994717 0 0 -8.31409767101766 29.180266619022 0 0 0 0 -18.4588621289384 0 6.34712651402901 -37.1498131977286 -36.1831589976927 0 22.7399676405433 -22.8881696705133 -30.2516200987125 0 0 0 -47.1133427776002 0 0 0 0 0 0 0 0 0 0 0 0 0 0 0 0 0 0 0 0 0 0 0 0 0 0 0 0 0 0 0 0 0 0 0 -1367.59583711283
0 -14.165096031362 0 0 0 0 -23.2883153403675 0 43.4784980578665 29.9610036100753 12.7764222890278 19.3455643850362 -40.5968217468571 3.00438565809522 -21.1073579772434 0 0 -35.0050082416172 0 0 31.2069188726926 0 -26.1607487476505 0 -17.0930499305251 0 0 -25.8318774810527 0 0 0 0 0 0 0 0 0 0 0 0 0 0 0 0 0 0 0 0 0 0 0 0 0 0 0 0 0 0 0 0 0 0 0 0 -203.8108310065
16.6128745517541 -3.60651397564618 0 0 0 0 0 0 0 0 0 0 0 0 30.906635330598 0 31.3070047842175 -11.9612290279888 -45.3759752257394 0 0 14.0563940672019 24.3105200948682 -34.1137179619618 31.7782608096619 0 -42.4085521072295 0 0 0 -16.0966658107353 0 0 0 0 0 0 0 0 0 0 0 0 0 0 0 0 0 0 0 0 0 0 0 0 0 0 0 0 0 0 0 0 0 -123.127095712953
0 0 0 -3.41296335308126 0 0 0 -25.8307583691863 0 0 -40.9067829708629 0 13.8405654109355 -17.6868228628173 -34.5768849901775 0 40.4303929145925 29.3267077224179 0 -0.717090767535289 0 7.17443099529458 0 0 0 0 -42.190270056223 0 34.4497041792965 -28.0121503068011 0 0 0 0 0 0 0 0 0 0 0 0 0 0 0 0 0 0 0 0 0 0 0 0 0 0 0 0 0 0 0 0 0 0 -153.118571838469
0 0 30.6251998064473 0 0 0 0 0 0 21.2261098522502 0 37.1887545156565 0 0 0 0 4.48913295263992 0 0 0 46.3121562739006 0 0 -1.95661694526295 0 -27.4179865511319 0 0 0 -15.9404666024416 0 0 0 0 0 0 0 0 0 0 0 0 0 0 0 0 0 0 0 0 0 0 0 0 0 0 0 0 0 0 0 0 0 0 410.17850206428
0 -10.3213622282732 6.15064438742202 0 -26.917391054697 0.959134348129242 0 0 -24.5903561385764 0 -10.6704367775633 9.87205745791078 -15.1877231116666 0 13.8045937389537 0 41.6367313750282 0 -6.47963769860861 0 41.4651067338811 0 25.8463746713109 0 0 0 -39.5992641168465 0 0 0 0 -3.59046094681332 0 0 0 0 0 0 0 0 0 0 0 0 0 0 0 0 0 0 0 0 0 0 0 0 0 0 0 0 0 0 0 0 62.781909049645
0 0 -40.3892568512857 -40.4891811562773 37.5023629461192 0 0 0 0 45.0618224964348 0 0 0 38.0154763930394 0 42.7325237093187 0 -47.7299029763556 -32.1249292051066 -20.0895382817026 -34.5759881735999 0 0 28.7815319714976 -3.86683694707519 19.6964134627989 0 -18.4802262469258 0 0 0 -38.9682293905683 0 0 0 0 0 0 0 0 0 0 0 0 0 0 0 0 0 0 0 0 0 0 0 0 0 0 0 0 0 0 0 0 -848.060327300756
0 38.593045495453 0 26.8082408930768 40.7431992167489 3.35421360859406 0 -42.5523116888279 0 0 0 0 0 28.3541174197485 0 0 0 34.7712220310774 15.7528905408912 -25.5530473018859 24.7562161280008 0 0 6.13209706724422 0 -44.6459541102232 25.5857071967725 -17.640363288054 0 0 0 0 0 0 0 0 0 0 0 0 0 0 0 0 0 0 0 0 0 0 0 0 0 0 0 0 0 0 0 0 0 0 0 0 894.369533783171
27.16488291503 -3.60104324684776 32.3571142056629 0 -6.36825613438405 -27.7739832930096 0 0 0 -46.2814848924818 0 0 0 0 0 0 0 0 0 0 5.9159002626037 -27.4735123066113 0 0 -46.0738472246967 13.4409738435147 41.6897316948451 32.1786863285098 0 0 0 39.0961939350041 0 0 0 0 0 0 0 0 0 0 0 0 0 0 0 0 0 0 0 0 0 0 0 0 0 0 0 0 0 0 0 0 335.53191500823
18.7015381728278 0 0 0 0 23.3718796736919 -26.2715909095259 -35.7711975645675 0 0 38.1756913313007 0 0 30.3145426454844 0 0 0 0 0 0 -6.3254410346298 0 0 -0.904338177813468 14.5581707305602 2.11369126425804 19.2247351634733 0 31.5462870337911 -28.71115042743 0 31.516204088434 0 0 0 0 0 0 0 0 0 0 0 0 0 0 0 0 0 0 0 0 0 0 0 0 0 0 0 0 0 0 0 0 458.818060159568
46.0478472433532 -12.7793964261207 -39.4294123647107 -45.7592062030652 0 0 0 0 0 0 0 -43.1873823705618 42.6349472322258 0 0 22.3962137546946 14.9022190120202 -3.99755596443417 -33.4433003844766 0 3.48321097852224 10.7050568788778 0 -12.5046291587452 0 0 0 0 -12.3101962358931 0 0 0 0 0 0 0 0 0 0 0 0 0 0 0 0 0 0 0 0 0 0 0 0 0 0 0 0 0 0 0 0 0 0 0 -433.824997318469
3.57922130360566 0 0 0 16.8653331017287 0 28.039191531424 0 41.4557614777647 0 0 0 0 0 0 0 17.1270604169598 0 28.9250082239771 0 -12.6006731412189 0 2.66408224765434 0 -10.3187755491157 -44.4141983389039 0 0 0 0 -12.9015235629005 0 0 0 0 0 0 0 0 0 0 0 0 0 0 0 0 0 0 0 0 0 0 0 0 0 0 0 0 0 0 0 0 0 839.367822039895
0 0 0 0 38.9542727495663 0 45.6889085822222 0 0 0 0 31.3926771635158 27.7381152280715 0 0 0 0 0 0 0 0 20.8142963045606 -42.7308000476727 -15.3240541995891 0 0 -0.265308892202776 0 0 42.0928433720007 0 0 0 0 0 0 0 0 0 0 0 0 0 0 0 0 0 0 0 0 0 0 0 0 0 0 0 0 0 0 0 0 0 0 678.381941250434
0 0 18.4080362759342 0 -0.130131860636262 0 -8.47008383576013 -6.90309168663971 0 0 0 0 0 -17.1379032301978 -9.64471732798623 -8.2120076990499 33.4728041788248 0 47.8188238018612 21.3821236853308 0 0 -12.6776043046869 0 -0.00108157556274469 5.26637530002796 21.4119417374013 0 22.7407929553261 0 0 0 0 0 0 0 0 0 0 0 0 0 0 0 0 0 0 0 0 0 0 0 0 0 0 0 0 0 0 0 0 0 0 0 707.39761088173
0 0 23.8429967980105 0 29.9812054544851 -34.2316824425916 22.9884000886116 11.6934201993858 0 0 -2.52876158685537 -36.7814187523912 0 30.6290691323265 0 0 0 -13.6723137457541 25.2738256719175 0 -25.9693036429976 18.0577889268216 -19.9682066936826 11.0901299061882 0 0 49.5307107521265 0 2.66891097012606 32.9696697124262 0 0 0 0 0 0 0 0 0 0 0 0 0 0 0 0 0 0 0 0 0 0 0 0 0 0 0 0 0 0 0 0 0 0 659.232935413263
-6.38355578695123 0 0 -15.7944352579974 0 -23.6273742958223 46.5288823410815 0 0 -19.6239168386463 20.0674433429291 0 0 -23.9207705402481 0 0 -20.2112675853354 0 -12.5275127938819 0 0 0 -19.3330405780809 0 0 0 0 0 0 -3.372485339972 0 0 0 0 0 0 0 0 0 0 0 0 0 0 0 0 0 0 0 0 0 0 0 0 0 0 0 0 0 0 0 0 0 0 -505.793627006854
0 0 0 0 -10.6277874887355 0 0 0 0 0 0 0 0 38.9117716148887 -7.46660735914965 0 0 0 32.5337236400268 0 -18.8848384918779 0 0 0 0 0 0 0 43.7374338294161 49.1425933971845 11.4234060530519 -16.9126143197893 0 0 0 0 0 0 0 0 0 0 0 0 0 0 0 0 0 0 0 0 0 0 0 0 0 0 0 0 0 0 0 0 639.9671544283
0 0 0 28.1168225367251 0 0 39.0617355491074 0 -28.0522654199848 0 18.786842008452 9.42795138673275 15.162896559112 37.9335632886565 0 -5.11772073857377 0 14.4431710629531 0 -12.4787551902618 0 0 0 0 -14.8197848094201 0 0 34.413382756809 -37.1021728300892 -14.462288649944 45.6488979308036 -0.44867889610849 0 0 0 0 0 0 0 0 0 0 0 0 0 0 0 0 0 0 0 0 0 0 0 0 0 0 0 0 0 0 0 0 877.247239903643
0 0 0 0 34.5144226282125 26.3984876601044 29.8310462715057 0 -2.85046205481869 0 0 0 0 -20.2840105403813 -12.8299005886211 46.0965547335788 0 0 0 0 -12.3825230927346 0 0 -41.46788342429 29.5447341353014 0 0 0 0 0 0 -31.3381384979347 0 0 0 0 0 0 0 0 0 0 0 0 0 0 0 0 0 0 0 0 0 0 0 0 0 0 0 0 0 0 0 0 556.013149599605
0 0 0 0 0 0 -48.4092238330523 -13.6445548621968 0 0 0 -39.0299057670663 0 -28.6447610978 0 0 0 0 0 0 3.70482959588251 -39.1593717882076 6.34904179737062 0 36.748321426854 0 0 0 7.95721137537395 -42.5485411254777 0 28.1283541865248 0 0 0 0 0 0 0 0 0 0 0 0 0 0 0 0 0 0 0 0 0 0 0 0 0 0 0 0 0 0 0 0 -515.804488842615
13.7475143403959 0 0 46.900734324845 -48.5470628467531 0 0 0 0 3.31269290428928 0 0 31.0849527518161 38.1376919886594 0 0 -5.85404635833186 0 13.2286792379564 0 -6.84745141024834 -28.8500491754326 9.72181949045495 0 0 -26.9004303162815 0 25.910199217722 0 0 0 0 0 0 0 0 0 0 0 0 0 0 0 0 0 0 0 0 0 0 0 0 0 0 0 0 0 0 0 0 0 0 0 0 504.107343502692
0 0 0 -44.3174197744357 0 0 -24.9209527412633 0 0 0 0 0 0 0 -23.3864547693442 -23.6127196157548 0 0 -31.5372956249937 0 0 0 0 0 49.8865335114297 0 0 42.3959926307875 0 18.0473388966091 0 -15.0338686197818 0 0 0 0 0 0 0 0 0 0 0 0 0 0 0 0 0 0 0 0 0 0 0 0 0 0 0 0 0 0 0 0 -526.523251842886
-30.154616153879 31.0414118316593 0 0 34.2116873250899 -22.3298731193158 11.00789411416 0 0 12.4660492597463 -26.8900871188266 0 0 0 0 -36.1839938435597 44.4362730844395 0 0 -18.3817856574736 0 -39.507345304487 0 0 0 0 0 -45.2938299612669 -28.7810206889708 0 0 0 0 0 0 0 0 0 0 0 0 0 0 0 0 0 0 0 0 0 0 0 0 0 0 0 0 0 0 0 0 0 0 0 -317.892805753119
-18.5788823626797 0 23.6890679608051 0 0 0 0 0 0 0 -37.187160237453 49.6648062330632 0 -31.0076920492825 0 0 -29.6268426110107 0 0 0 0 30.9737899284695 0 -6.8534800147528 0 0 2.88315996630655 43.6459252692007 0 0 0 10.8051456116942 0 0 0 0 0 0 0 0 0 0 0 0 0 0 0 0 0 0 0 0 0 0 0 0 0 0 0 0 0 0 0 0 -32.1395484810716
0 0 0 -39.4111681183682 -27.8749704680362 -5.33370706858322 -42.7430998671935 -24.1465271454238 -35.5668551086224 0 0 28.2695481736462 24.910202986898 -29.4131898179243 -35.6975643529023 0 -4.21108033807621 28.6854506796404 0 0 0 0 2.30944376515779 31.2115123535334 0 46.3360173766852 -37.81415176238 7.95884717216544 -14.823893614107 47.4334064806974 0 0 0 0 0 0 0 0 0 0 0 0 0 0 0 0 0 0 0 0 0 0 0 0 0 0 0 0 0 0 0 0 0 0 -1230.54804899615
-7.12333988163939 14.8858165082816 37.1677769723298 0 0 0 0 0 0 0 12.7458940992585 0 0 -27.5330497503917 0 37.2115051881533 5.12890476767398 0 0 0 0 0 43.4879280968986 0 0 0 0 0 0 -48.7630126623542 0 0 0 0 0 0 0 0 0 0 0 0 0 0 0 0 0 0 0 0 0 0 0 0 0 0 0 0 0 0 0 0 0 0 336.846386915031
0 49.533742297735 0 5.11637825410111 0 0 0 0 -40.1921616932926 -47.2514332405671 0 0 0 -38.7580225080811 0 -4.66563456549203 0 -18.6040446652413 -43.6979425642533 0 0 0 36.7556555370137 0 -22.3496070548512 0 0 30.5803728777525 0 0 47.9459738720336 0 0 0 0 0 0 0 0 0 0 0 0 0 0 0 0 0 0 0 0 0 0 0 0 0 0 0 0 0 0 0 0 0 -101.62529867044
-21.9811553662788 0 0 0 0 0 -13.6764638726962 0 0 0 0 0 0 0 0 0 2.04859216354196 0 23.3725009887727 0 -27.6700078416705 0 0 0 0 0 44.5472072720201 -24.591763609692 0 0 21.5138173188507 0 0 0 0 0 0 0 0 0 0 0 0 0 0 0 0 0 0 0 0 0 0 0 0 0 0 0 0 0 0 0 0 0 -7.53954316547305
26.2888408381561 0 23.5133142862322 0 0 0 0 0 -26.0374188413925 49.1935734984156 0 0 -11.0766019663983 17.0784255147327 0 -37.2324046916155 0 0 0 -1.43093614989843 47.6633177482065 0 0 0 0 -3.97983105742368 1.31200778946713 -25.8865853226086 0 0 0 0 0 0 0 0 0 0 0 0 0 0 0 0 0 0 0 0 0 0 0 0 0 0 0 0 0 0 0 0 0 0 0 0 226.880268631314
9.59391433675426 22.5007098665845 -43.9372033730866 0 0 0 0 -29.8609038256979 -18.4719680095331 0 0 -44.6478460170992 -31.48958883835 0 0 0 38.857803171553 -22.6993270509643 48.7387639109244 0 0 0 -1.09230456685769 0 18.4073949450879 0 0 8.35162148236033 0 0 43.9643647410435 0 0 0 0 0 0 0 0 0 0 0 0 0 0 0 0 0 0 0 0 0 0 0 0 0 0 0 0 0 0 0 0 0 631.998537164293
0 0 0 0 0 36.7725978093804 -32.9872962222996 0 0 0 0 0 0 0 15.0042442929676 0 0 -30.7717998485117 0 0 0 0 0 0 20.5341019672442 42.9722211402581 0 0 49.5075728460041 -5.31679989776889 0 0 0 0 0 0 0 0 0 0 0 0 0 0 0 0 0 0 0 0 0 0 0 0 0 0 0 0 0 0 0 0 0 0 234.276301416142
0 0 -15.7546671408667 48.3091376249197 0 -10.3730087886061 0 -31.1336076179461 0 0 0 -19.0501299611681 0 0 -13.3566758542022 0 0 -48.6891113414089 -14.7957549089712 -39.156132373386 -6.49815443361788 0 0 -43.124947722319 0 -12.0976660324985 -0.0883627326185743 0 0 0 0 0 0 0 0 0 0 0 0 0 0 0 0 0 0 0 0 0 0 0 0 0 0 0 0 0 0 0 0 0 0 0 0 0 -696.974520887634
0 0 0 0 27.6097050330114 -18.7837756803324 0 0 0 -32.1137530033004 0 0 0 36.3859707589414 44.2189982905318 0 0 -31.8295478422107 -5.0258795168603 0 19.8252232996702 0 0 -13.240251344401 10.9248095699438 0 -18.6096002092859 0 0 0 0 0 0 0 0 0 0 0 0 0 0 0 0 0 0 0 0 0 0 0 0 0 0 0 0 0 0 0 0 0 0 0 0 0 -25.152422528663
0 0 27.0210609200551 -23.6525842207933 0 -36.0332983676518 0 -5.10492778888035 -39.9447293190529 4.65307149496901 27.0591220488074 0 0 0 -1.52859706502227 0 0 0 0 0 0 0 -44.0328791312516 -37.3560877907916 0 0 36.6325035155919 -36.9470049382536 -27.6643102698563 0 -1.96664386550821 13.4007709876115 0 0 0 0 0 0 0 0 0 0 0 0 0 0 0 0 0 0 0 0 0 0 0 0 0 0 0 0 0 0 0 0 -1326.4767456969
43.4101649146875 0 -41.1376685416249 0 0 0 -36.5120047613205 0 0 0 0 37.5371951782233 0 0 36.793374221275 33.6479807712583 0 -0.857405836436653 0 0 -38.9559600756949 0 0 0 0 0 0 0 0 -18.6161069666139 0 39.7154726166366 0 0 0 0 0 0 0 0 0 0 0 0 0 0 0 0 0 0 0 0 0 0 0 0 0 0 0 0 0 0 0 0 -106.550882788007
0 6.91136095730756 -26.5967046929789 0 -19.0660140522959 0 0 -27.3132538562559 14.4567611412588 21.3081306460489 0 0 0 3.56481032232644 0 28.3728362196416 0 38.7530284436996 38.7946268196068 0 0 -48.9180178934809 0 0 0 -33.7235853433836 0 0 0 0 45.243663343755 -11.9215369841338 0 0 0 0 0 0 0 0 0 0 0 0 0 0 0 0 0 0 0 0 0 0 0 0 0 0 0 0 0 0 0 0 672.835417442916
0 28.213513413113 0 -5.89248838639256 0 -23.0974942602864 31.9985361634496 0 -41.1390034360377 0 0 0 -5.5907726181526 0 45.3003518194368 0 0 0 0 0 0 30.9930891356858 0 0 46.8116728306092 0 0 0 0 0 -23.50696876545 0 0 0 0 0 0 0 0 0 0 0 0 0 0 0 0 0 0 0 0 0 0 0 0 0 0 0 0 0 0 0 0 0 -137.496275102041
0 0 -18.5441218099302 0 47.8706054181853 0 29.3650134689203 0 0 -45.7475522028126 0 0 0 7.87978492583187 0 -7.73299169023621 0 0 0 15.6496821519945 23.813639261597 0 0 15.1868266334403 40.7331308919503 -5.58267269607851 0 11.058655398871 8.43865595465485 0 0 -41.9192568332085 0 0 0 0 0 0 0 0 0 0 0 0 0 0 0 0 0 0 0 0 0 0 0 0 0 0 0 0 0 0 0 0 674.214992165686
0 -34.0791897809411 0 0 15.2097820480742 0 46.8406247645899 -47.9114860373018 -47.1619047737043 0 3.46362626707515 -31.3863952155104 -18.1707567811697 0 23.3342661937974 0 0 0 0 -12.3514444324156 -24.8102264676755 0 42.8234442436763 0 0 0 29.107285069136 0 0 0 0 0 0 0 0 0 0 0 0 0 0 0 0 0 0 0 0 0 0 0 0 0 0 0 0 0 0 0 0 0 0 0 0 0 58.0339072194565
0 -23.5198746769844 0 0 0 0 0 -12.0358428936142 0 43.6790767658884 -28.4755564067361 0 0 0 0 0 -43.1668509701519 13.8982254124496 0 0 0 -16.1272852230225 0 -26.2947393632302 0 0 0 0 -41.5467412077243 0 -13.4178600979084 -29.3136809860159 0 0 0 0 0 0 0 0 0 0 0 0 0 0 0 0 0 0 0 0 0 0 0 0 0 0 0 0 0 0 0 0 -885.850301422566
0 0 0 -27.2766698838588 2.80017563519843 27.5181119956345 1.60869671757624 20.7350056173562 0 0 0 0 9.466684301938 0 0 0 0 0 32.3675788640214 0 0 0 0 0 -17.7731095062289 0 47.5756759244244 0 0 0 -15.9348514725347 0 0 0 0 0 0 0 0 0 0 0 0 0 0 0 0 0 0 0 0 0 0 0 0 0 0 0 0 0 0 0 0 0 435.09478281476
10.4817013821786 0 22.1858056888308 0 24.5265371216342 0 -19.015395339234 0 0 0 -4.24755473684386 12.696503381277 0 7.75918996855676 0 -14.395106362242 0 0 -45.7471168104204 13.0399113408536 0 32.1844533412737 0 -19.312460688852 -38.9538684338853 0 0 -21.3955922552882 39.5572137275411 0 0 0 0 0 0 0 0 0 0 0 0 0 0 0 0 0 0 0 0 0 0 0 0 0 0 0 0 0 0 0 0 0 0 0 -244.562325003258
-49.8961343027042 0 -6.42082573408006 0 24.7646526804423 0 47.4520986916228 47.3651607509112 -9.74568208929406 0 36.0108849541982 0 28.8389081292668 0 -9.12411770314486 0 39.3365459644738 0 0 -41.3071673497986 -32.4704884811406 0 6.48845333475777 -46.8713838884688 14.2899653236149 -23.8589323236069 -22.4157158663088 0 0 13.3581341187689 32.5027916609283 -19.2633871120914 0 0 0 0 0 0 0 0 0 0 0 0 0 0 0 0 0 0 0 0 0 0 0 0 0 0 0 0 0 0 0 0 437.440260363949
0 0 0 0 0 0 -3.51696945335522 18.4520046788527 0 0 5.2000668642088 0 8.15462487225082 23.0402026947699 0 0 0 0 26.943091210945 0 -2.69139152458472 3.71433737983942 33.1301701698357 0 0 1.40342992895851 0 0 -20.1300048496399 -23.6116779606602 0 0 0 0 0 0 0 0 0 0 0 0 0 0 0 0 0 0 0 0 0 0 0 0 0 0 0 0 0 0 0 0 0 0 419.882389065733
0 -44.6891707392973 0 0 0 0 0 -13.1602589382007 0 0 5.18258341230051 -45.3791562026922 0 0 5.35342272565181 0 0 0 -16.4773386117658 0 0 0 -41.4855029452397 37.5820399915039 0 0 0 0 0 0 -10.6967429246002 0 0 0 0 0 0 0 0 0 0 0 0 0 0 0 0 0 0 0 0 0 0 0 0 0 0 0 0 0 0 0 0 0 -751.019091843275
0 0 0 -42.0321114317809 49.6193382970502 0 0 0 0 0 -29.3224032601663 0 -4.88815578055602 43.9227273135115 42.0307312091134 -11.2829792878038 0 -40.6993203715695 0 0 0 47.1674025761269 36.5062806915581 0 -28.3901925730274 0 -37.5942457287845 0 0 0 0 0 0 0 0 0 0 0 0 0 0 0 0 0 0 0 0 0 0 0 0 0 0 0 0 0 0 0 0 0 0 0 0 0 -33.8848671958223
0 0 31.1396318556599 0 0 0 0 0 0 0 0 -12.9257423113043 -14.8214198039503 -3.68521377562112 0 13.5106204593269 -2.16133664544796 0 -4.13049814598735 -0.383960954172013 0 14.3925192463685 -17.8891617529187 0 0 0 47.8946181023985 0 0 12.5596095641964 0 -15.9658325562965 0 0 0 0 0 0 0 0 0 0 0 0 0 0 0 0 0 0 0 0 0 0 0 0 0 0 0 0 0 0 0 0 124.393482353361
0 0 0 35.7753342354842 0 0 22.8250673472131 28.3982103191746 -34.2692068782631 0 35.4608925590647 0 0 0 0 0 0 0 -42.491813170333 -1.17118676791028 0 0 0 0 0 0 0 12.6346938689728 -10.1801581534552 0 45.562313688032 11.1624861698198 0 0 0 0 0 0 0 0 0 0 0 0 0 0 0 0 0 0 0 0 0 0 0 0 0 0 0 0 0 0 0 0 647.351273719302
0 0 2.73075908826881 0 0 0 0 -25.0562081440139 -7.36815432592116 0 0 0 0 0 0 0 40.4970090218945 0 0 0 0 0 0 0 0 -40.4177472596535 0 -26.3848495055784 0 -27.9561761407519 0 0 0 0 0 0 0 0 0 0 0 0 0 0 0 0 0 0 0 0 0 0 0 0 0 0 0 0 0 0 0 0 0 0 -317.881886981975
0 0 17.3292728196739 -46.9127818484475 0 0 46.1325028698749 0 0 0 0 3.13219758867969 0 0 25.2214626756822 46.5914726678776 0 -48.6649758191272 0 -23.7756846847957 17.7243447574101 0 13.9863766986765 0 24.3876793351555 21.5841282956905 33.8834432789269 40.390909029365 0 20.1113310480896 -49.2890779451665 0 0 0 0 0 0 0 0 0 0 0 0 0 0 0 0 0 0 0 0 0 0 0 0 0 0 0 0 0 0 0 0 0 439.648034814451
-10.3473936399798 0 43.272015025447 0 0 0 43.9610538269364 0 43.4836974162315 -11.2069027105649 0 0 0 0 0 -41.1152816598432 0 0 26.9407657963716 -12.4018469605678 20.0179136148327 0 -18.3615108779102 0 0 0 0 0 0 0 18.4832038799639 0 0 0 0 0 0 0 0 0 0 0 0 0 0 0 0 0 0 0 0 0 0 0 0 0 0 0 0 0 0 0 0 0 892.790413785986
0 -12.1657586613713 0 0 -48.1994000033383 0 -38.2805745045493 -21.8943155509178 0 0 0 43.1283091432578 -31.8352033705853 -33.2220411128763 0 -48.0948919588899 -29.3695497813496 0 0 -10.3639989091966 0 49.1256125134224 0 44.4253357013872 40.7778685177261 0 0 -37.0149020843651 0 27.3741373420417 0 0 0 0 0 0 0 0 0 0 0 0 0 0 0 0 0 0 0 0 0 0 0 0 0 0 0 0 0 0 0 0 0 0 -1358.67643023432
0 0 0 0 -9.58875395647198 0 0 49.616084098003 -21.365889580082 0 29.3842271553831 0 -35.3945094987861 0 0 0 0 0 -38.5909225365679 16.6097312875073 29.6425586857654 0 0 28.4602470039385 0 0 0 4.45063954573669 0 12.8825805778829 0 -5.78854365048525 0 0 0 0 0 0 0 0 0 0 0 0 0 0 0 0 0 0 0 0 0 0 0 0 0 0 0 0 0 0 0 0 177.262468627121
37.5065545568529 0 9.4862628511256 0 0 37.3134588600394 49.0312639973821 21.6331288583903 -6.78330758666036 3.23339659979243 -6.00573784706532 -42.9529006177862 0 0 -29.1680740810577 0 0 -13.3389656059324 0 32.2806601565692 11.7950882050263 0 0 -6.85974448022176 0 0 0 0 0 0 0 0 0 0 0 0 0 0 0 0 0 0 0 0 0 0 0 0 0 0 0 0 0 0 0 0 0 0 0 0 0 0 0 0 1199.2647391734
0 0 0 0 0 0 0 0 0 0 -13.9996563989788 -36.1469108163178 -9.94026540979747 0 -29.8370734693936 -20.5936571090075 39.4320174423422 0 0 0 11.3214363803122 -38.7155109863332 -2.50017677895062 0 0 28.7351515375566 6.74235807370152 0 -46.936872265021 0 0 17.4837643074526 0 0 0 0 0 0 0 0 0 0 0 0 0 0 0 0 0 0 0 0 0 0 0 0 0 0 0 0 0 0 0 0 112.36642820161
0 -29.117268678663 0 0 14.8154320672154 -11.1434738010542 0 0 0 0 0 3.31920445289614 0 0 -17.2464428837569 -3.20973172593995 -45.8113104581846 0 0 0 0 43.1303289516626 33.7101579488756 -39.8030608861663 0 0 0 0 0 0 -3.59007076837798 0 0 0 0 0 0 0 0 0 0 0 0 0 0 0 0 0 0 0 0 0 0 0 0 0 0 0 0 0 0 0 0 0 -236.271101876912
0 0 0 0 0 0 40.376977792098 0 -33.6096031255599 44.795030253079 0 1.37355980268004 0 0 -4.76211969551031 -20.1803273766741 13.5684817744411 0 0 -10.0197439620803 33.4647943799338 0 0 -36.040916315272 0 47.1415824125819 0 0 0 0 0 0 0 0 0 0 0 0 0 0 0 0 0 0 0 0 0 0 0 0 0 0 0 0 0 0 0 0 0 0 0 0 0 0 495.131995116095
0 22.1525980770413 0 38.5256264394989 34.2087664255162 0 -25.9916883036451 7.22228198366552 0 -49.9060550004894 19.7878019515277 0 0 0 0 0 -42.5609101528104 -24.8573833758224 0 -38.9195356303119 0 -39.6333872842326 0 5.83370299302113 17.4629475485509 0 30.6821871656869 0 0 0 0 -12.2542486591883 0 0 0 0 0 0 0 0 0 0 0 0 0 0 0 0 0 0 0 0 0 0 0 0 0 0 0 0 0 0 0 0 -307.58983727025
-33.0306352724212 0 0 -14.7793249190408 0 0 0 0 0 -8.09816466207012 -5.14105723140915 0 0 0 0 0 0 0 33.3436172702278 39.1335783915865 38.6544769047011 0 0.0267633499775544 -14.9370065575441 1.87734487394478 -37.0823103602559 0 -41.9186874078775 -16.951582284255 43.5559364150569 4.14193146111858 -44.5693078973779 0 0 0 0 0 0 0 0 0 0 0 0 0 0 0 0 0 0 0 0 0 0 0 0 0 0 0 0 0 0 0 0 -79.8492028500643
36.2280954376743 -9.58713918097007 -17.470340451387 0 0 0 2.34349401346919 0 0 0 -17.393625093709 0 17.52494867356 8.21032335124099 0 0 0 -29.6992085950169 0.609003261876695 0 -11.9194391164743 39.2864009239491 0 9.8041228709738 0 0 0 0 3.88935141402209 0 -27.4088682229342 -40.2536427349731 0 0 0 0 0 0 0 0 0 0 0 0 0 0 0 0 0 0 0 0 0 0 0 0 0 0 0 0 0 0 0 0 -552.250275457541
-28.823697177202 0 -18.3087149253116 0 -12.0578507482115 0 -26.1081231063393 42.6726439537676 -5.42120511081626 0 0 0 0 0 -32.1684822933534 0 0 -3.61007272715714 0 0 0 -10.3457521742103 0 0 0 0 2.9574916448058 0 0 27.6562929735377 0 17.761033134133 0 0 0 0 0 0 0 0 0 0 0 0 0 0 0 0 0 0 0 0 0 0 0 0 0 0 0 0 0 0 0 0 -164.431945800588
0 26.6589681941398 0 0 0 3.97007680418839 0 0 0 1.01485427155661 0 0 0 25.7098245126982 14.924004858532 0 0 0 0 0 42.83577242854 25.9881548858493 24.4989468306295 0 0 0 0 -36.6418751725213 0 3.00773733738606 0 0 0 0 0 0 0 0 0 0 0 0 0 0 0 0 0 0 0 0 0 0 0 0 0 0 0 0 0 0 0 0 0 0 580.629262060592
31.1653076644549 0 0 48.8997343234441 0 0 35.3544619684278 0 49.498073359773 -7.81747934516505 -2.70493852091976 14.0319862003251 -17.0743382295604 1.03061983454563 0 -39.2275739817629 0 0 0 -33.1716255062694 20.7383502224407 0 0 0 0 0 0 0 0 0 0 0.29547410555707 0 0 0 0 0 0 0 0 0 0 0 0 0 0 0 0 0 0 0 0 0 0 0 0 0 0 0 0 0 0 0 0 1095.96345046442
0 0 -10.7945443664579 0 -39.1192480194199 0 0 40.5545886768654 0 0 28.2495239968108 0 0 24.0533358131137 0 -30.2042871443273 1.27508852343519 0 0 0 23.6910028382816 0 0 42.3264078052896 0 0 0 27.7266607696588 0 0 0 43.3591969576803 0 0 0 0 0 0 0 0 0 0 0 0 0 0 0 0 0 0 0 0 0 0 0 0 0 0 0 0 0 0 0 0 688.497812724937
11.637336573284 0 -39.8249906274527 0 0 -21.6134471298988 0 36.3054951113955 -20.6106337769895 0 0 0 0 -48.9714875866458 0 0 0 -14.0223356488942 -4.75480464492269 0 -44.2898196027395 33.0895550996411 7.33334090889571 0 0 0 0 0 0 0 10.3192942928855 -3.34974860165659 0 0 0 0 0 0 0 0 0 0 0 0 0 0 0 0 0 0 0 0 0 0 0 0 0 0 0 0 0 0 0 0 -726.990122356962
0 35.7256976392366 26.1787145476248 0 0 0 36.7085472341989 -47.4805031859125 -31.3287708997514 -20.936560598721 -21.6540529549582 0 0 0 -17.8905966145994 0 0 0 -11.8885404698928 34.4039402323898 0 0 0 -17.023989845464 -0.148785813738794 -43.5371260699864 0 8.41267674694968 0 0 -9.94315940419358 0 0 0 0 0 0 0 0 0 0 0 0 0 0 0 0 0 0 0 0 0 0 0 0 0 0 0 0 0 0 0 0 0 -122.876274078271
-42.0301312417724 18.4698996196069 0 0 0 -47.7923095783693 0 0 0 0 -32.6548264975483 0 0 -2.22446928610579 0 0 33.7347988958999 0 -42.415569207765 0 -0.401091466172698 14.6396621022988 0 0 0 48.2781052093593 0 -17.4808326519953 0 0 0 -35.3632549358705 0 0 0 0 0 0 0 0 0 0 0 0 0 0 0 0 0 0 0 0 0 0 0 0 0 0 0 0 0 0 0 0 -972.616090964865
0 0 37.136917473488 0 0 -41.9282647334429 -24.1375412828021 0 0 24.8548051892181 0 0 22.876335266443 -13.9966878941626 -13.6185741648243 0 -40.7540068354437 -11.6738877646069 0 -43.8131698597361 -40.9772563636838 0 0 15.232978298524 -14.7100807685376 0 -22.7566317746335 28.0342409070055 0 0 0 0 0 0 0 0 0 0 0 0 0 0 0 0 0 0 0 0 0 0 0 0 0 0 0 0 0 0 0 0 0 0 0 0 -1369.86108946625
0 -15.2936493203156 2.16668332992406 0 -34.650547622415 -2.40498948101112 0 0 -6.76386389712175 0 -22.5603307773499 0 0 11.9525247556751 0 0 0 -43.2689921962194 32.4668688982074 0 0 28.6010125917251 0 0 0 0 -35.5980589784921 0 0 0 0 0 0 0 0 0 0 0 0 0 0 0 0 0 0 0 0 0 0 0 0 0 0 0 0 0 0 0 0 0 0 0 0 0 -606.122243068788
0 0 0 0 49.0484018464192 0 34.9806089401089 0 0 -23.5826503405854 0 0 0 -39.044220945451 0 0 -11.1492114232419 0 0 -26.3556122567356 16.2048693699217 0 17.9901568374028 0 34.6311962544217 -2.71356551987152 -19.2359956747225 17.6609151505148 0 -0.0685923224555296 22.3955697129579 0 0 0 0 0 0 0 0 0 0 0 0 0 0 0 0 0 0 0 0 0 0 0 0 0 0 0 0 0 0 0 0 0 773.662243163124
0 0 0 0 40.2838821631422 0 25.7021074212193 45.0824106087481 -10.3149731695462 -41.7069509824457 0 0 0 0 0 0 37.6314200126949 -37.7397318600371 0 0 25.6046461841859 0 0 40.6500112876721 0 0 -3.95055760519788 0 -22.8366635698924 0 -43.1459823313538 0 0 0 0 0 0 0 0 0 0 0 0 0 0 0 0 0 0 0 0 0 0 0 0 0 0 0 0 0 0 0 0 0 365.277216119558
0 0 -6.06713401922911 0 0 32.3958857591809 0 -20.2647929106269 0 0 0 -30.3390624148799 12.8599068780162 0 0 -48.1568080531254 0 0 0 20.400223478754 -45.5969870736935 0 0 -8.95189288614735 -20.73129382714 0 0 0 23.8469609241369 -35.3558761048993 0 8.7290577462249 0 0 0 0 0 0 0 0 0 0 0 0 0 0 0 0 0 0 0 0 0 0 0 0 0 0 0 0 0 0 0 0 -339.95993019763
0 0 18.6649565288016 0 0 -31.9927979286853 0 -20.8495038994158 48.2632880793327 0 0 17.2208298406435 0 0 0 0 36.3949279006239 0 0 -16.2159421979936 0 7.49734027753398 0 0 0 -23.7434550145264 -3.12148989080467 0 0 0 0 0 0 0 0 0 0 0 0 0 0 0 0 0 0 0 0 0 0 0 0 0 0 0 0 0 0 0 0 0 0 0 0 0 235.838405426438
-30.6358156446027 0 -8.76913823561175 0 13.1396567627368 0 0 0 7.30566108945182 0 0 -45.2435489136563 45.3210717062805 0 0 0 0 0 14.9908696514296 -43.2630786883839 -20.6278719007973 0 40.6656167610532 0 36.9424960098656 0 -29.1816777821478 -41.5612934639493 46.9337872496813 0 0 0 0 0 0 0 0 0 0 0 0 0 0 0 0 0 0 0 0 0 0 0 0 0 0 0 0 0 0 0 0 0 0 0 -86.3876485744085
0 0 0 -12.7563852167664 7.25117562834586 -20.026351454477 32.144213624139 25.4947746843719 10.4000355290883 -24.7218045094608 0 0 0 0 0 0 -6.82333652347272 29.6887220998142 0 14.2192880756165 0 0 0 0 0 0 28.1163068094996 0 48.1812520905221 32.8784112720202 0 0 0 0 0 0 0 0 0 0 0 0 0 0 0 0 0 0 0 0 0 0 0 0 0 0 0 0 0 0 0 0 0 0 977.536248892451
0 -17.0227799215354 0 0 0 33.5277645515892 0 0 0 -4.21892132261612 0 -24.6505747047739 0 0 19.4997182923774 -48.9648254611329 0 0 -32.2817993123851 -38.7590229298426 0 5.50766378662814 -22.1272310479761 0 0 0 0 0 0 0 -12.0387770561447 0 0 0 0 0 0 0 0 0 0 0 0 0 0 0 0 0 0 0 0 0 0 0 0 0 0 0 0 0 0 0 0 0 -813.048263683608
0 0 0 0 -5.8671560471347 0 0 0 0 34.7039334574387 19.7381648957694 -9.31074564891143 45.8947945526379 -33.0324244857516 46.864013917807 0 0 -13.2132274713687 0 -7.8087682167428 -0.619700639354059 0 0 -20.8437329261481 0 1.17605958295767 0 0 0 0 0 0 0 0 0 0 0 0 0 0 0 0 0 0 0 0 0 0 0 0 0 0 0 0 0 0 0 0 0 0 0 0 0 0 -22.5717080568983
0 0 0 48.2311637902715 0 0 0 0 0 0 36.3573301049815 0 45.683592574521 -46.9656655008696 31.9489169085425 0 0 0 0 0 -46.500887744467 -46.5621599282322 -35.035024364074 0 -0.892238283568825 40.5909833408036 0 -18.5396878376753 30.5536616269432 -1.95013098572291 0 0 0 0 0 0 0 0 0 0 0 0 0 0 0 0 0 0 0 0 0 0 0 0 0 0 0 0 0 0 0 0 0 0 -136.041653628905
-30.9663072194093 10.0670431958778 0 0 0 0 5.48588195392237 0 0 0 49.9797424987111 -6.785580131784 0 -4.51398187629524 0 -31.6368103665929 0 9.26799584190475 -34.3883587679822 0 0 47.4032148431122 0 26.2747672147146 28.6238678957032 -10.7931946629459 0 -21.7474199667152 -25.4774097916434 44.6290344975569 0 6.58598443159482 0 0 0 0 0 0 0 0 0 0 0 0 0 0 0 0 0 0 0 0 0 0 0 0 0 0 0 0 0 0 0 0 -39.2275435478103
-44.6801207559306 0 0 -33.4620367007723 0 -16.2026661526661 0 -34.2533631039568 0 0 0 0 -31.9257073447844 33.5132381390829 29.0829664242368 12.3420456116799 0 17.5165641868056 35.2428184012703 -25.8497713907704 0 0 -43.4575653384478 0 -19.2373943331359 -45.9032130626956 45.6374647908884 12.8852427648141 -15.6409197013102 0 0 -26.6207854162757 0 0 0 0 0 0 0 0 0 0 0 0 0 0 0 0 0 0 0 0 0 0 0 0 0 0 0 0 0 0 0 0 -979.194320230532
0 0 25.8807347184787 0 0 0 37.8701234938163 0 0 0 -22.1675712310232 28.4814843211268 0 -24.6295661475874 49.8216703138098 0 -35.3663444520823 7.60166487941271 0 20.0434641552311 0 0 42.1642448902908 0 0 31.0047517145326 -4.82444746505455 0 -42.0789931644265 0 0 0 0 0 0 0 0 0 0 0 0 0 0 0 0 0 0 0 0 0 0 0 0 0 0 0 0 0 0 0 0 0 0 0 505.599331952113
0 0 0 0 0 0 0 0 0 -17.64823589808 0 0 0 -21.9519177163161 0 10.484049410301 0 -18.8879580971431 0 0 0 29.5173765330696 0 0 0 0 0 0 0 0 0 39.6651397513301 0 0 0 0 0 0 0 0 0 0 0 0 0 0 0 0 0 0 0 0 0 0 0 0 0 0 0 0 0 0 0 0 94.4922736119696
29.4285540224977 38.4912641598003 -7.57845257607069 0 0 0 -30.0862170508955 0 -28.9756496964591 9.8551378061697 0 0 0 0 -34.832526495155 0 0 22.4336298445534 0 -5.66216704035751 0 0 0 0 0 0 0 0 0 14.1055505259983 26.0454004974393 5.06608002671713 0 0 0 0 0 0 0 0 0 0 0 0 0 0 0 0 0 0 0 0 0 0 0 0 0 0 0 0 0 0 0 0 128.94976443189
0 -9.6037028795687 0 10.19438718878 0 0 -49.3659818677245 0 10.9277043635584 42.9879803950747 0 0 -40.6252462755737 0 0 0 -21.0403813700078 0 -1.87061355175262 0 -42.7563044808668 0 0 0 -9.17146114144444 -45.0430719788666 0 -48.9585136776347 -6.85284493122988 0 45.4806588789039 0 0 0 0 0 0 0 0 0 0 0 0 0 0 0 0 0 0 0 0 0 0 0 0 0 0 0 0 0 0 0 0 0 -801.88257395299
-46.6481294669732 0 0 -27.2749144810832 0 -9.65045626496411 6.72486848676805 -31.3424715526856 -1.73635798045964 0 -11.3262836794061 7.92796719500748 0 0 -1.67682528727793 0 33.0711610415201 0 16.7048151367747 0 0 -41.3858960703239 0 0 31.9896916151508 31.4678127452193 0 -36.5582984939532 0 34.9146858126589 0 0 0 0 0 0 0 0 0 0 0 0 0 0 0 0 0 0 0 0 0 0 0 0 0 0 0 0 0 0 0 0 0 0 -230.184870809499
17.5185900627205 0 38.3103623011277 0 0 0 0 0 0 0 -35.564684601937 24.6025904406536 -20.6541791603266 0 0 20.4856029024146 0 0 -21.5321009327147 -25.3610735570257 0 44.9562506222936 0 0 -33.7589741413701 0 0 10.4884272616439 0 0 10.5753240618914 34.0440065248404 0 0 0 0 0 0 0 0 0 0 0 0 0 0 0 0 0 0 0 0 0 0 0 0 0 0 0 0 0 0 0 0 155.405231662963
38.434529758038 0 -42.8304279880632 -14.2321032823752 35.9303606196034 6.589508001301 32.7053110573281 0 48.8183494372829 0 0 0 8.32714923046344 45.160364359842 -13.5496503356545 0 20.1220028203003 0 0 0 0 0 4.73902033202959 13.5882217442158 -15.2116805673899 -22.5980348681389 0 22.9735099296059 -37.2807150016462 -29.8913784573052 0 0 0 0 0 0 0 0 0 0 0 0 0 0 0 0 0 0 0 0 0 0 0 0 0 0 0 0 0 0 0 0 0 0 1171.6356619803
33.9477203213404 0 -45.7401557288702 0 0 0 13.9805905381456 0 -0.990962521568317 0 0 0 12.0837416442317 0 0 0 0 0 0 -27.8513271836546 0 0 0 0 -1.02815574392785 -20.6844193419172 49.0644285639617 2.64074690427875 -42.0966139394802 0 0 0 0 0 0 0 0 0 0 0 0 0 0 0 0 0 0 0 0 0 0 0 0 0 0 0 0 0 0 0 0 0 0 0 19.8855534628662
0 -18.2611480657426 0 -49.2595268837472 0 0 10.0224055950659 -11.5574499693085 0 0 0 -19.8286867170517 0 37.9072236741672 7.11037149873571 0 0 0 0 2.77846375988449 0 -14.4357607809258 -37.0745178080215 0 -46.7558758494077 0 4.75791291954643 -45.103836298767 -18.5209079314268 0 0 -45.3136360834658 0 0 0 0 0 0 0 0 0 0 0 0 0 0 0 0 0 0 0 0 0 0 0 0 0 0 0 0 0 0 0 0 -1555.15227007848
0 0 0 32.6687795723385 -31.0574063434891 0 0 0 0 -3.96731717982265 -35.8272707622144 0 0 -4.75855790899611 0 -29.0882408932202 10.4984747773267 14.8677579802372 0 -9.30852695025538 0 0 -33.1944688720883 -9.16664654407386 0 29.4135945798211 0 2.70688235082287 -16.7277030776779 0 0 0 0 0 0 0 0 0 0 0 0 0 0 0 0 0 0 0 0 0 0 0 0 0 0 0 0 0 0 0 0 0 0 0 -439.13168368293
0 36.0611882064415 0 0 -28.1660304947702 0 0 42.1498088402534 0 0 0 0 26.9995269499424 46.4106818289078 0 0 34.3273009547488 0 30.2641796676845 0 0 -48.1631202527808 0 33.5706728519028 0 37.9167660410858 35.2834601348607 0 0 16.9189971686982 11.6389725819291 0 0 0 0 0 0 0 0 0 0 0 0 0 0 0 0 0 0 0 0 0 0 0 0 0 0 0 0 0 0 0 0 0 1317.5084761362
38.7679697697447 0 0 -42.9583118549906 0 0 0 0 0 15.090491394155 17.7430712128497 0 0 1.46283163278034 0 34.685579759144 3.29978285165687 0 0 7.16818333224396 -3.82457435560353 -26.4733220748861 0 0 0 0 -29.6399041943269 0 49.1628350117302 0 -34.6055640126626 0 0 0 0 0 0 0 0 0 0 0 0 0 0 0 0 0 0 0 0 0 0 0 0 0 0 0 0 0 0 0 0 0 -110.843704821361
38.7648348751491 0 0 47.9401719833628 0 10.5249647870282 0 13.7382228842895 -7.23505196654076 0 22.2357309477585 39.1187171680178 0 0 0 -42.5306059951954 0 0 0 15.0095923535532 37.0190227038072 -4.82980073827765 0 0 0 -10.1010429958234 -49.2058179044233 0 49.5604240684016 -0.341580851408829 9.65533384390795 0 0 0 0 0 0 0 0 0 0 0 0 0 0 0 0 0 0 0 0 0 0 0 0 0 0 0 0 0 0 0 0 0 1036.90044128446
0 20.9033022788117 18.0122533701959 0 14.4190941272709 47.2914024141163 -12.9789036386332 -31.4953156157385 0 0 4.39927695036061 0 0 0 45.4029894849191 0 0 0 -39.0016770950102 3.30715130657646 0 0 0 0 0 0 0 0 0 0 0 0 0 0 0 0 0 0 0 0 0 0 0 0 0 0 0 0 0 0 0 0 0 0 0 0 0 0 0 0 0 0 0 0 205.718865267677
8.54634041610416 0 45.878303018032 0 0 0 0 32.5408300069291 -2.867513677829 0 21.2332811141808 0 11.8874537982643 0 0 0 0 0 0.67100236004578 46.9198108790653 -42.4251897208634 0 30.7656316252473 -28.6074273344817 0 0 0 0 0 0 -27.3204499980118 0 0 0 0 0 0 0 0 0 0 0 0 0 0 0 0 0 0 0 0 0 0 0 0 0 0 0 0 0 0 0 0 0 429.148889773232
-8.19746758733464 -26.3002422789651 0 0 0 -11.031940152006 0 0 -26.0193439340344 44.4993769337148 0 0 0 0 -26.2825880672395 19.189543416896 0 -19.9424331911159 0 -49.9971523997274 0 5.09096472002807 43.7520602969536 21.5436078244641 0 -4.80203045527365 -27.4815450092117 0 0 46.2207525036003 0 41.9652271619597 0 0 0 0 0 0 0 0 0 0 0 0 0 0 0 0 0 0 0 0 0 0 0 0 0 0 0 0 0 0 0 0 151.696355074524
12.4750911977726 32.7656602229013 14.4897919756179 21.8229711879774 5.90011180795197 0 0 -5.24389302678808 0 20.7548058025939 0 0 19.1958107551831 0 -36.6460440247688 0 0 0 0 0 0 0 0 0 -49.0333727672714 0 0 19.5814278713944 0 -32.3827228754244 0 0 0 0 0 0 0 0 0 0 0 0 0 0 0 0 0 0 0 0 0 0 0 0 0 0 0 0 0 0 0 0 0 0 287.854650412269
0 0 0 -45.9055720033614 0 0 0 0 0 -37.9021610060434 0 0 0 0 0 0 0 0 0 26.7950218905944 0 0 0 9.10120558106724 38.3951982443906 0 0 11.5252294280374 -17.1033360661065 -28.0854119874182 0 -26.7150905022189 0 0 0 0 0 0 0 0 0 0 0 0 0 0 0 0 0 0 0 0 0 0 0 0 0 0 0 0 0 0 0 0 -604.607169937428
0 0 0 0 39.1170461214445 0 0 0 0 0 0 0 38.3851906717691 0 -28.6166211991165 0 0 18.5507319050803 24.461955952581 0 -19.965633351538 0 21.0378016118362 0 -3.9575230356772 0 0 0 30.4820059167354 0 9.72681033316102 0 0 0 0 0 0 0 0 0 0 0 0 0 0 0 0 0 0 0 0 0 0 0 0 0 0 0 0 0 0 0 0 0 862.311052025919
-48.1119182447958 0 0 39.5631204865785 0 0 0 0 -13.4857047358605 -16.2737577556461 0 -7.84219757280229 0 0 0 0 0 0.0963476049613332 -7.99999393395165 0 0 -40.2918413006496 28.5885003704551 -14.460724376063 0 0 32.8668890370507 -42.2443734996846 0 0 40.2038963918222 0 0 0 0 0 0 0 0 0 0 0 0 0 0 0 0 0 0 0 0 0 0 0 0 0 0 0 0 0 0 0 0 0 240.596238322596
0 -48.7211816121678 -5.09398397528659 0 0 24.0760567092615 -10.1442220503558 4.70295267391234 0 -41.0201832954999 26.2951516420111 0 0 -39.6661783385641 0 27.4721148891586 0 0 0 0 0 0 0 -33.7949041425073 0 18.9666025322418 0 19.1000155004573 0 -17.7763673309386 13.9911351201846 0 0 0 0 0 0 0 0 0 0 0 0 0 0 0 0 0 0 0 0 0 0 0 0 0 0 0 0 0 0 0 0 0 -120.167847732231
0 0 0 0 0 -2.80377211470075 -21.9166115249252 0 -13.4110338842746 -45.8589604512281 8.76852575120826 9.92341760268659 0 0 -26.2779867352711 38.3761575905433 0 -10.3119884867938 -49.508239589179 0 7.03946820228836 48.5134372439297 0 -48.1368442394469 22.9789571122783 0 0 0 0 0 0 0 0 0 0 0 0 0 0 0 0 0 0 0 0 0 0 0 0 0 0 0 0 0 0 0 0 0 0 0 0 0 0 0 -742.916962533029
0 0 0 -34.4912664441259 0 -45.7413050078187 0 49.0332596531833 0 26.5064534943532 0 0 -32.2550556605877 0 0 0 -9.3906217118668 0 -24.6599514026264 0 29.3011342085296 0 0 0 0 0 -9.62420639544052 -44.4268658519462 -19.8983629763562 -18.8257790471915 0 0 0 0 0 0 0 0 0 0 0 0 0 0 0 0 0 0 0 0 0 0 0 0 0 0 0 0 0 0 0 0 0 0 -1027.94900881964
40.3055400135716 0 0 11.5773627279 6.71833721165656 -42.2357619458105 -26.8593680625754 38.1785980767145 -38.0136291414799 0 -35.8525712806632 0 0 0 12.2331548043658 37.7877239471348 0 0 0 0 0 16.5909635100411 0 0 -10.9017548579892 0 -8.50704801064347 6.75262365527172 0 -30.993114461926 19.5722856346912 0 0 0 0 0 0 0 0 0 0 0 0 0 0 0 0 0 0 0 0 0 0 0 0 0 0 0 0 0 0 0 0 0 -412.607096200075
0 -22.1229172100805 13.2620934318699 -46.0165880279468 0 0 0 -48.1217176770621 0 0 0 45.8102633639217 0 -44.5211550035451 45.7659608768036 0 0 0 -43.9253734120148 0 -27.7267853793359 32.1182905928605 0 0 0 27.5411622310835 0 0 0 -2.37361806880598 0 0 0 0 0 0 0 0 0 0 0 0 0 0 0 0 0 0 0 0 0 0 0 0 0 0 0 0 0 0 0 0 0 0 -1206.07560935195
0 0 0 0 0 20.3055697060661 43.4941003233064 -13.2204921605801 0 -39.170651093339 0 0 0 22.2421389104134 0 0 -49.4345059524951 0 30.0004134029163 0 0 22.6055823232496 0 0 0 0 0 0 0 0 0 0 0 0 0 0 0 0 0 0 0 0 0 0 0 0 0 0 0 0 0 0 0 0 0 0 0 0 0 0 0 0 0 0 305.833711963918
16.8423478040954 -34.7215186597829 39.4771537128313 0 -27.0852990721195 -45.9674374558014 0 0 0 -37.9358406456348 0 0 0 0 18.6838966677803 0 0 0 0 -30.5421828098562 0 0 0 39.5280246045834 0 0 45.2989421652171 0 0 0 35.3101325957102 2.35578554990427 0 0 0 0 0 0 0 0 0 0 0 0 0 0 0 0 0 0 0 0 0 0 0 0 0 0 0 0 0 0 0 0 -298.594651285805
-34.9516519168661 0 0 33.3999129764034 0 0 0 0 0 -43.3944054881719 -38.0235508271489 -13.5277869898353 0 39.6263898621354 0 0 0 10.9950824491891 0 0 0 0 0 17.001947687503 0 0 0 0 16.3414245581781 19.7998076017619 0 -28.9937602872675 0 0 0 0 0 0 0 0 0 0 0 0 0 0 0 0 0 0 0 0 0 0 0 0 0 0 0 0 0 0 0 0 42.7964815159577
0 0 0 0 -31.3847349131859 0 0 30.1058353101194 0 0 0 0 -20.5688213789438 0 0 -10.3220694772189 0 0 0 7.16781420541074 49.6481431294228 -7.99083742571816 36.3601321859242 0 0 0 -14.4767219983584 48.3981920480248 0 0 0 0 0 0 0 0 0 0 0 0 0 0 0 0 0 0 0 0 0 0 0 0 0 0 0 0 0 0 0 0 0 0 0 0 800.67818825195
-41.0510619380651 42.8136720539064 0 0 0 0 0 -22.5003342005444 0 0 0 0 0.463539567417881 -27.2712820730971 0 0 0 -49.5664190366099 14.5128464257304 0 -40.5934971629488 -43.2578050502741 -23.9209235504251 0 0 0 0 0 0 0 0 12.233585468708 0 0 0 0 0 0 0 0 0 0 0 0 0 0 0 0 0 0 0 0 0 0 0 0 0 0 0 0 0 0 0 0 -884.790346725976
0 0 46.7075259843568 -40.282711582933 -46.212842155994 0 5.7753553551303 0 -48.6725123264626 0 0 0 0 0 0 0 0 0 0 4.69690729782259 12.7368825120592 0 0.819701373893655 6.62504189950481 24.9060437022762 -47.7471918601239 -37.3239264999872 0 0 -47.4583999283704 19.0816199767961 0 0 0 0 0 0 0 0 0 0 0 0 0 0 0 0 0 0 0 0 0 0 0 0 0 0 0 0 0 0 0 0 0 -1235.74898383119
0 -3.73612017987111 0 -6.12349687102187 11.0725585881479 0 0 0 0 0 12.5670877019172 0 0 -16.2170878168917 -30.506395191026 0 0 14.5873772215543 12.1278599746261 29.8615123560025 45.8704994906054 -5.17351338578608 0 0 0 0 0 0 0 0 -46.3135620122002 0 0 0 0 0 0 0 0 0 0 0 0 0 0 0 0 0 0 0 0 0 0 0 0 0 0 0 0 0 0 0 0 0 282.146915267322
22.9472463647056 0 0 -23.5852077102386 21.0422112183293 0 0 0 0 18.3227147053593 0 0 28.3241349937678 0 0 -40.5984858486807 0 43.924630480341 0 0 0 0 -33.2036492180264 0 0 0 0 0 0 0 0 0 0 0 0 0 0 0 0 0 0 0 0 0 0 0 0 0 0 0 0 0 0 0 0 0 0 0 0 0 0 0 0 0 -35.9814763184762
0 0 0 0 0 9.70218313116917 0 43.1104807205476 22.4709831504825 -12.7646247615401 37.1593149775561 -46.8245474295034 0 -12.7399976800977 0 35.4359883255744 48.1874282439267 6.14086529011916 0 0 0 0 29.0110043615247 0 0 0 -22.9855642688579 0 0 28.6073640876185 -18.1172480897869 0 0 0 0 0 0 0 0 0 0 0 0 0 0 0 0 0 0 0 0 0 0 0 0 0 0 0 0 0 0 0 0 0 1159.70307241986
0 0 0 0 42.157305642611 0 0 13.19349673217 0 0 49.7613378165599 -22.9648757827905 0 -43.6307208974527 0 21.5872607652015 0 0 0 0 0 -20.8235822200535 0 -49.1250233774423 0 0 0 0 0 0 0 15.0268971468901 0 0 0 0 0 0 0 0 0 0 0 0 0 0 0 0 0 0 0 0 0 0 0 0 0 0 0 0 0 0 0 0 430.126241990949
-15.390778630532 27.0394985045977 -32.5000216501397 -4.15803368884425 0 -26.7288317574557 -17.6476744196719 0 0 0 0 -17.5125053831252 0 20.3333720045521 49.0117099903685 0 -18.0545139665814 0 0 19.9775436453214 0 36.0454577679201 -42.3893490681701 0 26.7040244396591 20.3551952040107 39.24509254606 37.0307552635439 0 0 -33.7581830039242 14.2579534179337 0 0 0 0 0 0 0 0 0 0 0 0 0 0 0 0 0 0 0 0 0 0 0 0 0 0 0 0 0 0 0 0 -216.440068949408
-9.09767185882174 -34.1969737029701 0 11.3979556095955 0 0 6.6412321490457 -32.9972950974282 0 -22.5297460780565 0 -22.321462624569 0 0 40.8456883314788 4.09654420115693 46.0881078579142 30.7229247395701 0 0 0 0 0 0 0 0 0 0 0 0 33.0248334514989 18.581882484965 0 0 0 0 0 0 0 0 0 0 0 0 0 0 0 0 0 0 0 0 0 0 0 0 0 0 0 0 0 0 0 0 716.722556681818
0 0 18.8936283707176 31.6657680527966 0 23.0274347927897 0 0 0 0 -38.4807731645865 0 -8.8451977380519 16.0297992361024 0 0 0 0 0 24.7460062359124 40.2853212201814 -12.781081047345 -44.669786007228 0 0 -18.7290151696463 0 0 0 0 17.3105466850973 20.7532791483422 0 0 0 0 0 0 0 0 0 0 0 0 0 0 0 0 0 0 0 0 0 0 0 0 0 0 0 0 0 0 0 0 783.200208677477
0 -46.6703761839117 -41.8362863358139 -22.2662952238522 0 0 3.54175715588698 -47.8200686236763 -39.5933701148155 0 0 0 0 0 0 0 0 0 -44.8987339200358 0 0 0 -13.8208108662815 0 0 -39.6485598119351 0 21.2969051978615 0 18.8017006289333 0 0 0 0 0 0 0 0 0 0 0 0 0 0 0 0 0 0 0 0 0 0 0 0 0 0 0 0 0 0 0 0 0 0 -1333.30792044365
0 0 21.389901152727 0 -38.3158205314472 -30.6292071532488 24.2807101630051 46.3841952117075 0 0 24.3463070911604 0 0 28.8993334447663 0 27.4381113025309 0 -30.9909129898109 24.2768311231353 -47.2433857828819 0 42.9123291902759 -26.0719213597464 0 22.5464259660054 19.3393475957494 0 0 0 0 -0.629269665250276 0 0 0 0 0 0 0 0 0 0 0 0 0 0 0 0 0 0 0 0 0 0 0 0 0 0 0 0 0 0 0 0 0 -170.528572116607
-46.910032218354 0 0.464652945183541 0 0 0 39.176713241337 0 0 0 0 47.8676946197961 -10.4320687680991 0 0 39.2862933958848 0 0 33.1452228564717 -16.7775077652106 -45.8528800347741 0 0 0 0 0 0 46.6139083495942 0 0 0 0 0 0 0 0 0 0 0 0 0 0 0 0 0 0 0 0 0 0 0 0 0 0 0 0 0 0 0 0 0 0 0 0 453.99173861507
0 9.64804489403572 0 0 -26.046289298033 0 0 40.9808929162746 27.3982881490311 19.5955540358225 23.0215944359103 -13.2749559463245 0 0 0 0 0 40.8225146452002 44.7012598852646 0 0 0 0 -8.41561995847758 19.3459194239412 0 20.6476804681456 0 -41.7199540430913 -39.8682712709359 0 -17.1990840472745 0 0 0 0 0 0 0 0 0 0 0 0 0 0 0 0 0 0 0 0 0 0 0 0 0 0 0 0 0 0 0 0 567.384703534044
2.60543589543329 0 0 0 0 -33.3471097376683 0 0 -37.6854664006755 0 -10.1433345070744 15.8045698755743 11.310747629261 15.6482037429808 -21.4549031636864 0 0 0 0 0 0 0 0 0 0 44.2962736366256 44.0881584904189 18.8284005636348 0 -4.9679565125632 0 0 0 0 0 0 0 0 0 0 0 0 0 0 0 0 0 0 0 0 0 0 0 0 0 0 0 0 0 0 0 0 0 0 -133.089562566883
0 0 0 19.1456977569592 0 -27.9945244110152 0 48.5516361979796 0 -26.0345348581014 0 0 0 24.1171897155542 -37.3202488862526 24.5925029336539 0 40.7660435151934 -45.2282426400568 0 -16.3748432342079 38.8910975331181 0 0 0 -49.6582451182422 0 0 18.1360576852411 -23.7071031140472 0 -7.58879121340325 0 0 0 0 0 0 0 0 0 0 0 0 0 0 0 0 0 0 0 0 0 0 0 0 0 0 0 0 0 0 0 0 -220.169586747272
0 0 -35.4073510089707 0 -41.6636317001748 24.551378706494 -47.089589809683 0 0 10.638876233085 -36.2267772742552 0 0 -45.7486373501161 -12.8892626930142 0 0 0 0 0 0 0 23.7980512023882 18.6178198798551 0 14.7025647259717 -14.8150188749705 0 0 0 0 0 0 0 0 0 0 0 0 0 0 0 0 0 0 0 0 0 0 0 0 0 0 0 0 0 0 0 0 0 0 0 0 0 -749.771648250034
0 0 0 -23.8261247344636 0 -0.95078488307957 0 0 0 0 0 0 17.8954406050818 0 0 38.1119026943225 0 0 -41.3868336421397 -13.4174193136943 0 38.4070124228645 0 0 0 23.4552284179844 27.0206284720043 -8.71850193182765 0 0 30.1751359906496 32.6908603260449 0 0 0 0 0 0 0 0 0 0 0 0 0 0 0 0 0 0 0 0 0 0 0 0 0 0 0 0 0 0 0 0 223.858795876601
0 0 -42.9501236002472 0 -42.9139936196643 26.6397814958962 0 -3.96857828362979 0 -13.3607264062513 0 21.5756563700086 0 0 14.0053315086435 0 38.6909993897691 0 20.7654740709738 0 0 -37.2954653302529 0 0 -40.3325506614965 0 0 0 0 0 0 -40.6767525984201 0 0 0 0 0 0 0 0 0 0 0 0 0 0 0 0 0 0 0 0 0 0 0 0 0 0 0 0 0 0 0 0 -326.648037454732
40.2590560020492 0 0 0 0 0 0 0 0 -40.9821772333761 0 0 0 23.8582024720958 0 0 -23.5275640813883 0 -4.71547639990426 43.2589141324089 16.0037356071746 0 0 0 0 0 0 -11.6417967942107 0 -4.29526510818504 0 0 0 0 0 0 0 0 0 0 0 0 0 0 0 0 0 0 0 0 0 0 0 0 0 0 0 0 0 0 0 0 0 0 232.422795579145
0 0 0 0 8.67489556012151 -34.1021282268298 0 41.9558610217941 29.6193018753854 0 0 0 -35.1943698791755 0 0 0 0 -10.0362461236143 0 0 0 -43.6818147624624 -31.3979298570323 0 35.4545453753422 0 0 4.31767434184885 0 0 0 -6.9590574237011 0 0 0 0 0 0 0 0 0 0 0 0 0 0 0 0 0 0 0 0 0 0 0 0 0 0 0 0 0 0 0 0 -73.3332241578889
0 0 -7.80698050383984 0 0 0 0 0 -29.1090437594204 13.6593300552715 0 0 0 17.7828611438779 0 0 47.3403704549211 0 19.7585364257932 0 0 -12.4210182828055 0 0 0.806727195985946 0 -12.4212767608091 0 0 0 0 0 0 0 0 0 0 0 0 0 0 0 0 0 0 0 0 0 0 0 0 0 0 0 0 0 0 0 0 0 0 0 0 0 275.169539021682
0 0 0 0 0 0 0 -32.7618092774022 0 0 0 -10.066432422357 0 0 0 0 0 0 42.2289866698451 -13.0452370678806 18.8985077367795 0 29.9681115410012 0 0 0 -45.530000060357 43.833095452389 -45.0056080035266 0 11.458706180784 -41.3083472059681 0 0 0 0 0 0 0 0 0 0 0 0 0 0 0 0 0 0 0 0 0 0 0 0 0 0 0 0 0 0 0 0 81.7010784353108
0 -44.9196975915167 0 0 26.5099410174316 -46.119242164373 0 -11.2145201575642 -17.2177086082966 0 0 42.3615638462409 17.2023586709254 0 0 -40.2363244891282 0 17.2752437918777 -10.956169768262 0 0 0 0 0 38.8872580173136 -4.40264799612146 6.86903013163055 -5.62174214538825 -23.6980632407349 0 0 0 0 0 0 0 0 0 0 0 0 0 0 0 0 0 0 0 0 0 0 0 0 0 0 0 0 0 0 0 0 0 0 0 -638.433751021498
20.3014598357507 -15.0640356372636 9.65890406600406 0 0 0 0 0 0 2.85605013026538 0 0 26.147422848071 0 0 35.0635997146049 0 0 46.2404049638166 28.6440419588038 -22.5369942410691 0 0 0 0 0 0 39.8491918847563 0 -19.3495188352607 0 0 0 0 0 0 0 0 0 0 0 0 0 0 0 0 0 0 0 0 0 0 0 0 0 0 0 0 0 0 0 0 0 0 826.668196443531
0 35.110403013534 30.7394131886656 -0.560183261446889 -8.42421827548158 0 38.1943851337066 0 -1.52416925778317 37.1702778620201 0 -37.5413168298453 0 0 0 0 0 45.4040404591021 43.4512277216334 0 0 26.882007086048 1.94851715899012 -38.9992143793902 22.8512994264426 34.0915458901344 -7.43938659639438 0 0 33.873846157897 20.9502651340348 0 0 0 0 0 0 0 0 0 0 0 0 0 0 0 0 0 0 0 0 0 0 0 0 0 0 0 0 0 0 0 0 0 1663.25333935082
7.48239171179428 0 -9.39389746798578 0 0 10.048809185788 -19.8889454484395 1.74177047939446 0 0 -7.11125634795771 0 -12.6944200573711 31.0347656260236 8.35927608414233 0 0 0 0 0 0 0 -5.82997111182701 -19.4126760990747 0 17.5523160947426 -27.1717558679571 0 0 0 0 0 0 0 0 0 0 0 0 0 0 0 0 0 0 0 0 0 0 0 0 0 0 0 0 0 0 0 0 0 0 0 0 0 -181.181895900657
0 0 35.007870037842 47.5227640323446 11.2766779250697 0 0 24.459840381916 0 0 0 27.1613483226948 0 0 -33.9381647295084 0 0 0 0 41.0908014035182 0 0 -31.3119117928804 0 0 0 0 0 0 -24.6554944456717 41.9785659958378 39.7330307170692 0 0 0 0 0 0 0 0 0 0 0 0 0 0 0 0 0 0 0 0 0 0 0 0 0 0 0 0 0 0 0 0 1228.00691125719
-5.66686856451418 0 13.723919585359 0 0 0 0 4.36027946436194 0 0 3.7443080451816 -19.988228948997 0 0.00319216762481034 46.0204538612516 0 16.1546687316929 0 0 0 0 44.7769651872788 21.4824804348182 21.6661362064728 0 0 0 0 0 0 0 0 0 0 0 0 0 0 0 0 0 0 0 0 0 0 0 0 0 0 0 0 0 0 0 0 0 0 0 0 0 0 0 0 503.273614368256
38.5627466072441 0 -43.1170365089922 0 4.11549852087402 41.8400866343394 0 35.7718375627904 0 0 0 0 -34.8460787317118 12.8925975901324 0 0 -45.1932410853599 0 0 0 27.5047339677679 0 -24.9183978168997 -7.67513878417083 23.2294632768311 0 35.0983644827694 0 0 0 0 -9.92194681082894 0 0 0 0 0 0 0 0 0 0 0 0 0 0 0 0 0 0 0 0 0 0 0 0 0 0 0 0 0 0 0 0 461.601956895081
0 0 0 -2.90441121039837 -35.0445617874744 23.4473526807194 -42.6452064552333 0 0 8.06262964773121 0 -27.2476361634906 -1.14643824434133 0 0 0 -34.9191937854578 0 43.8653251507141 0 0 -47.9448651291795 -15.8505130062546 0 -48.59989832364 -11.7896899531203 -26.1949033894316 30.8528644744065 5.23195967966518 0 0.878345918032508 -3.72939717712382 0 0 0 0 0 0 0 0 0 0 0 0 0 0 0 0 0 0 0 0 0 0 0 0 0 0 0 0 0 0 0 0 -785.310057026329
3.45069195162077 42.7286655064648 -3.12163431291057 0 0 0 0 0 0 0 0 0 0 0 0 46.0361468175742 0 36.4235817789212 0 0 13.8393535082272 0 0 -37.5454452003157 0 0 -28.3874402850165 0 0 38.2908783667838 0 45.7871844189056 0 0 0 0 0 0 0 0 0 0 0 0 0 0 0 0 0 0 0 0 0 0 0 0 0 0 0 0 0 0 0 0 997.476766979957
0 -38.0150358754238 0 0 -48.014234055223 0 0 23.1343090727211 0 0 -34.0255216693075 -25.3831558724562 0 0 45.2239059361241 0 -28.3565428969603 0 0 -2.59940572405182 0 0 26.6138671528294 0 -11.5765507205259 6.5359950316894 0 0 -39.4161920721672 19.3857172051379 0 0 0 0 0 0 0 0 0 0 0 0 0 0 0 0 0 0 0 0 0 0 0 0 0 0 0 0 0 0 0 0 0 0 -592.42619836172
41.1191856081618 0 0 0 0 0 0 -29.0602562277435 0 0 46.9134287126422 0 -40.9734603150297 -39.3227010721898 0 0 -42.2166240754877 0 0 4.28248530992106 35.2726798656174 -18.7736748047145 0 0 0 0 0 0 30.3872403012623 0 0 0 0 0 0 0 0 0 0 0 0 0 0 0 0 0 0 0 0 0 0 0 0 0 0 0 0 0 0 0 0 0 0 0 84.0871778523013
-42.5854243356548 -36.6633334468441 -34.8274050805842 0 0 31.2495985530374 0 0 0 28.5641883963368 0 -38.956436621002 0 15.8143297231237 0 -45.3347990192821 0 0 -16.3397613351357 0 0 -2.13193332648136 -40.2974300498052 8.06557559072242 0 16.1661562981621 0 -9.43662047723839 34.152162687479 -13.2928423025058 0 0 0 0 0 0 0 0 0 0 0 0 0 0 0 0 0 0 0 0 0 0 0 0 0 0 0 0 0 0 0 0 0 0 -624.843346456125
0 47.9638572231716 0 0 0 0 0 27.4177581192737 40.08175192528 0 0 -40.1887244350288 0 0 0 0 0 31.8127366230051 0 0 0 0 -26.6258846868036 11.1669806603811 0 0 -28.4866008677507 0 0 39.3008544678878 -28.4140389479224 0 0 0 0 0 0 0 0 0 0 0 0 0 0 0 0 0 0 0 0 0 0 0 0 0 0 0 0 0 0 0 0 0 454.634876339389
-23.2525196987841 0 -3.83250637422399 0 0 -17.9896315369525 -26.4683560613639 0 0 0 0 0 -19.5772991856701 27.9158592816648 13.3013138745813 41.9742832253956 0 12.7186404585933 34.435921800447 0 8.97552664197694 0 0 26.8696245918708 -14.0319848257112 0 0 0 0 33.9900419439063 9.48758177707704 6.97111438119226 0 0 0 0 0 0 0 0 0 0 0 0 0 0 0 0 0 0 0 0 0 0 0 0 0 0 0 0 0 0 0 0 470.411138315226
49.3069369053652 48.0755423325789 0 0 0 11.3209133726176 36.9374369639211 0 16.5761075407712 0 31.9813900583499 0 0 0 0 3.27751981464328 30.4169694964455 30.777991020296 0 0 0 0 36.4635105561116 0 44.797399783382 0 0 0 0 -30.9143559106848 0 -33.2577915673467 0 0 0 0 0 0 0 0 0 0 0 0 0 0 0 0 0 0 0 0 0 0 0 0 0 0 0 0 0 0 0 0 1619.19819126664
0 -9.43446618165539 0 -13.1210206369746 -6.29127506690375 0 0 0 0 -42.0728979524159 0 0 0 0 0 0 -32.6677539969066 0 0 -10.9858164922906 0 48.3785236240076 -6.15480725441895 0 13.8185925320251 0 0 0 5.75389663375994 -40.4300859464949 48.9079627971262 -20.3318608947401 0 0 0 0 0 0 0 0 0 0 0 0 0 0 0 0 0 0 0 0 0 0 0 0 0 0 0 0 0 0 0 0 -663.255096092289
47.1620201008195 -47.8417659035305 0 -46.8699336140828 0 0 46.6287805945662 0 0 0 0 20.1073376228432 44.3782818747986 -19.0816243963318 0 -44.3444377670557 0 0 0 0 0 34.2805691775049 0 0 0 -5.29496781920414 -17.7905723020272 0 0 0 40.209005345797 -16.4989291151045 0 0 0 0 0 0 0 0 0 0 0 0 0 0 0 0 0 0 0 0 0 0 0 0 0 0 0 0 0 0 0 0 4.01887511371838
0 0 0 -21.2852475030225 0 0 0 -4.12532147272119 0 38.982126594026 0 0 0 -29.1128106736497 39.277481183337 -28.6133914316255 -16.7883961689987 0 -39.3308683114387 -10.1763384657443 0 -26.1551182453972 0 47.7472279683336 23.6863896547644 0 10.6080058755742 -17.7761182047028 -21.0174224508532 0 0.661969469091928 0 0 0 0 0 0 0 0 0 0 0 0 0 0 0 0 0 0 0 0 0 0 0 0 0 0 0 0 0 0 0 0 0 -715.547574416398
0 0 -26.9339373326545 -9.68296628236171 0 35.6013341586657 -38.0573258713731 28.1901188786893 0 -27.365364186846 0 0 -21.1985141482158 -40.5049794176171 -14.7901093081402 2.94091656333044 18.4071919711209 41.0969567808934 0 0 -24.7247757266923 -46.3957910559763 -23.6345007092991 1.81023141950291 0 0 0 0 0 15.5141708248968 33.4966827645467 -17.7217942950118 0 0 0 0 0 0 0 0 0 0 0 0 0 0 0 0 0 0 0 0 0 0 0 0 0 0 0 0 0 0 0 0 -268.855001928785
-35.7337252407968 -11.5810621383336 -42.9970822772708 0 -11.1061791797544 0 0 -42.0453829599286 0 0 -27.6128017656467 0 0 24.074554668659 0 0 0 0 0 17.8416823989363 -30.2926114603143 23.8472706039107 0 0 0 31.547909286045 0 18.3156585462909 0 -19.5571700267987 33.3881877623085 0 0 0 0 0 0 0 0 0 0 0 0 0 0 0 0 0 0 0 0 0 0 0 0 0 0 0 0 0 0 0 0 0 -306.867106138427
1.49471762679879 0 0 0 0 0 0 2.57531510136314 0 0 -16.6353445255807 -45.6809408889473 -13.2776758382905 0 0 -33.4357407327678 -23.7465190080046 0 20.2922560816735 0 0 46.4880879090948 -23.1896793691297 0 0 -45.0334085568166 0 -33.1886597731773 0 -29.0174681308977 0 9.34235755275098 0 0 0 0 0 0 0 0 0 0 0 0 0 0 0 0 0 0 0 0 0 0 0 0 0 0 0 0 0 0 0 0 -869.24048623773
18.5457218780928 0 0 -43.340250623674 0 6.67856709246506 0 0 -32.743700826145 -49.943774671171 -21.431252584096 -40.3177634745972 43.8086319931274 0 0 0 0 -16.072529914448 0 20.913101061351 0 0 0 0 15.6416354296563 0 0 0 0 -35.4834890001784 0 0 0 0 0 0 0 0 0 0 0 0 0 0 0 0 0 0 0 0 0 0 0 0 0 0 0 0 0 0 0 0 0 0 -916.481633575551
0 21.9830861076495 29.0169310292581 35.3420155329389 -49.5666950490928 -3.68180317253044 0 14.1424870065149 -29.6793255471105 0 0 -2.63217463184602 -36.4508204778092 -42.0830967302033 -31.5313214477007 0 0 0 44.2537760102209 40.2844928241149 -9.85875964818013 0 0 0 0 0 0 0 0 0 0 -19.9490692471545 0 0 0 0 0 0 0 0 0 0 0 0 0 0 0 0 0 0 0 0 0 0 0 0 0 0 0 0 0 0 0 0 -21.7200909536048
0 0 -23.5817788032653 0 -40.5820405244613 0 0 -33.6503998932483 0 -0.536564969297615 0 0 -9.77455055625819 3.03878093877318 41.078132914126 0 0 0 2.54415362798424 -15.7082187219252 48.4425809528181 -0.529265924413402 0 0 0 18.9646857311197 0 -27.1303331136741 8.42698408410793 0 0 -24.7650914557959 0 0 0 0 0 0 0 0 0 0 0 0 0 0 0 0 0 0 0 0 0 0 0 0 0 0 0 0 0 0 0 0 -545.161530299538
0 -0.862606102345065 0 0 0 0 38.531049628142 0 0 0 0 -21.723713123104 0 0 -37.9481841277171 0 -44.6769667867879 -32.9843565770321 -7.45002872726976 0 -26.6368785448747 47.0533995024766 29.392384915519 0 3.73227260987709 0 -42.5257905550526 11.4271923081584 0 6.11352756825561 0 -6.70990464381429 0 0 0 0 0 0 0 0 0 0 0 0 0 0 0 0 0 0 0 0 0 0 0 0 0 0 0 0 0 0 0 0 -311.805402823
-42.029190297469 0 0 -28.2035972200391 0 0 0 0 -48.1572326697096 0 -13.0533073283408 -2.18815824236427 0 0 0 0 -0.716158479514417 -30.2641960742595 -40.7332996287916 0 0 0 8.6094663365938 0 0 42.8428165547698 39.2142979900621 0 0 0 0 0 0 0 0 0 0 0 0 0 0 0 0 0 0 0 0 0 0 0 0 0 0 0 0 0 0 0 0 0 0 0 0 0 -1033.74849541846
0 0 27.7675509078478 2.61501007232824 0 0 0 0 4.10632726610624 0 0 13.5216334521236 0 0 0 0 0 0 0 0 12.0878215179977 -9.08395462415802 46.0854219650691 7.78635789206122 25.7607797643946 27.2603124759212 0 0 0 -29.9336509097775 0 0 0 0 0 0 0 0 0 0 0 0 0 0 0 0 0 0 0 0 0 0 0 0 0 0 0 0 0 0 0 0 0 0 635.36516435075
0 4.3911581049108 0 -27.6750596228683 0 0 0 -0.0540473704541355 0 0 0 -16.2250318218324 0 37.2201146534873 0 0 0 0 0 13.3741412703509 0 -15.0729898066806 35.0052028404024 0 16.5626727569963 -18.5694499369414 0 41.7207653050159 0 43.3878541191642 -32.499250054264 0 0 0 0 0 0 0 0 0 0 0 0 0 0 0 0 0 0 0 0 0 0 0 0 0 0 0 0 0 0 0 0 0 618.979885560394
0 0 0 0 1.32669311334158 34.7884009922742 0 34.2921221629074 0 0 0 -2.26142670739505 0 0 6.42511031782264 0 0 -48.4526388205756 38.6108175789949 0 0 0 0 5.92542711496011 0 0 0 -18.717592653561 0 -49.7837626247131 0 0 0 0 0 0 0 0 0 0 0 0 0 0 0 0 0 0 0 0 0 0 0 0 0 0 0 0 0 0 0 0 0 0 69.0913056693557
0 -20.4045162989273 -9.01099277155647 -17.1142144018526 0 0 49.5578132765348 0 0 0 0 -35.9209220082764 0 0 0 0 0 0 0 0 0 0 0 6.83675748756057 0 0 0 0 0 0 -4.52735114494975 0 0 0 0 0 0 0 0 0 0 0 0 0 0 0 0 0 0 0 0 0 0 0 0 0 0 0 0 0 0 0 0 0 159.190607333518
0 38.1207078610216 0 0 -35.6898185235324 0 0 0 0 15.2424345710141 0 0 0 25.1180602121339 28.9879328522686 -13.8311215523969 48.5109216503926 0 -0.928873216655746 0 0 -4.48004100279833 0 0 0 -0.577982311700986 14.6388129167906 0 0 0 0 0 0 0 0 0 0 0 0 0 0 0 0 0 0 0 0 0 0 0 0 0 0 0 0 0 0 0 0 0 0 0 0 0 460.99410023338
0 -29.1581143866794 0 -43.6432243359113 22.110808344733 38.3580155917174 0 0 0 0 20.5395643042991 0 21.2934647572295 -42.0044762190121 0 11.2000670421195 5.89925284895348 -7.65447538058145 -26.700640154281 0 -37.1439613784996 0 0 0 34.2933908598465 0 -21.330530583144 -6.81567738668937 0 0 17.1293421056853 -17.6775076718049 0 0 0 0 0 0 0 0 0 0 0 0 0 0 0 0 0 0 0 0 0 0 0 0 0 0 0 0 0 0 0 0 -537.414104440188
34.3654147464124 0 32.3900209319029 0 37.0041368230893 -32.01034638682 0 1.04936635898398 0 40.1824980745632 0 0 1.50749721882877 29.9189387466737 0 0 -30.3696474377633 -49.1059844025271 0 0 0 40.8182799292617 0 27.0742684268489 -9.57854825482555 0 0 0 0 0 -25.4689994564972 -34.1344284330672 0 0 0 0 0 0 0 0 0 0 0 0 0 0 0 0 0 0 0 0 0 0 0 0 0 0 0 0 0 0 0 0 -279.507789519242
-41.9008238021298 0 0 0 0 0 -47.5940017405637 0 16.2545285320068 0 0 0 -10.8751692476905 0 0 0 -17.1058349720479 0 -7.42088468674647 0 39.488885415022 -22.0134134530614 0 0 24.2851264223202 -13.1936984235536 0 0 0 0 0 0 0 0 0 0 0 0 0 0 0 0 0 0 0 0 0 0 0 0 0 0 0 0 0 0 0 0 0 0 0 0 0 0 -407.719340613741
0 16.3936502497645 0 -5.14097700888541 0 -30.3894580856661 0 27.4262544889259 2.27581848187456 0 14.2815185325733 0 -17.4090901096723 0 0 5.74317911228496 0 0 0 0 0 19.050417246647 -43.9418211939493 -29.6794024982892 0 0 -2.94211107343006 0 0 0 -29.121074494237 0 0 0 0 0 0 0 0 0 0 0 0 0 0 0 0 0 0 0 0 0 0 0 0 0 0 0 0 0 0 0 0 0 -737.134032853449
0 0 29.3517496468438 0 49.6235554445723 -35.4658541415121 19.7110869003466 -28.2504387328318 -30.3924499007197 -34.3067283358691 0 0 0 -10.5694246927892 -37.4391898432607 -36.1486033132618 0 0 0 -18.0494369693817 0 35.233645935495 0 0 0 -39.692331546888 -10.7965518856371 0 0 -23.0136948073667 0 0 0 0 0 0 0 0 0 0 0 0 0 0 0 0 0 0 0 0 0 0 0 0 0 0 0 0 0 0 0 0 0 0 -839.79108183013
-30.7639168322226 0 0 26.0206075341725 0 0 -18.4585407999586 -48.1144490092768 45.7750757455748 49.3309399982539 40.3438325994532 0 -14.3079965828329 27.5898592753359 -44.1655836158064 0 0 0 0 -43.1046532149738 0 0 0 0 45.2167286676921 0 -21.4089937177056 0 47.5852444211178 0 0 0 0 0 0 0 0 0 0 0 0 0 0 0 0 0 0 0 0 0 0 0 0 0 0 0 0 0 0 0 0 0 0 0 446.301055546289
0 0 0 0 0 0 0 0 0 0 15.8958539521165 0 24.4412574178867 0 0 46.6977402012342 0 0 0 0 0 0 12.772791410879 0 0 0 0 0 16.1837909408661 0 0 0 0 0 0 0 0 0 0 0 0 0 0 0 0 0 0 0 0 0 0 0 0 0 0 0 0 0 0 0 0 0 0 0 466.203579923646
-27.9630414626582 0 -16.9802836767051 0.931484078809874 0 0 -39.670756822454 -23.1037967180102 -21.9905689800827 46.2010719761384 0 0 -6.55869275952746 4.60445906377378 -35.9705069358204 0 17.2197019281857 0 -8.78185476842772 0 0 0 -4.98301321643966 0 0 0 0 0 0 0 -30.3253338508666 0 0 0 0 0 0 0 0 0 0 0 0 0 0 0 0 0 0 0 0 0 0 0 0 0 0 0 0 0 0 0 0 0 -918.91028227755
0 0 0.0126441407203748 31.5609697301186 12.4987548971924 6.63221604980365 0 7.02584681191741 49.9710610201669 -45.1100067813116 48.8484820760338 0 0 -44.4482966363748 -40.3121326660438 16.8897460525344 0.840327767607107 0 -47.8772183497995 0 8.63873613368014 0 0 0 34.8729400950885 0 -22.5203091164228 0 -35.5539114051401 23.8621963429207 0 0 0 0 0 0 0 0 0 0 0 0 0 0 0 0 0 0 0 0 0 0 0 0 0 0 0 0 0 0 0 0 0 0 407.50420277002
45.9827842633581 0 0 12.6050346895416 -12.7192237090447 38.5813318160535 0 0 0 0 0 49.420966942073 0 -49.1636734816178 0 0 45.3883552644835 0 0 -7.56649579347424 0 0 -40.8656061010345 0 48.7889493016551 11.440704849108 0 0 0 28.8364882754021 0 0 0 0 0 0 0 0 0 0 0 0 0 0 0 0 0 0 0 0 0 0 0 0 0 0 0 0 0 0 0 0 0 0 718.441499570048
0 0 0 0 0 0 0 0 0 -48.9275156145334 13.3101267274235 -47.8003466266583 0 37.5959039301884 -29.600403876554 16.5881601248687 -8.036677778818 0 0 0 0 0 0 -0.611071436192723 0 0 -34.4352019337101 27.9537894599368 11.7679761144388 0 0 0 0 0 0 0 0 0 0 0 0 0 0 0 0 0 0 0 0 0 0 0 0 0 0 0 0 0 0 0 0 0 0 0 -42.6232218640096
36.6033393643587 0 -11.3131108296121 -28.8666901306107 0 -32.1940157473736 27.3071519231378 22.8765440656618 0 41.5452841801487 -32.3560234433545 -49.4748388254895 -8.66665664468844 0 0 39.6681069602048 0 0 0 0 0 -3.0709950828454 41.8511311398086 -3.46814186971588 49.9267108081343 0 15.5116812798963 -26.2511392501099 -18.4197483215086 39.2979223896412 0 0 0 0 0 0 0 0 0 0 0 0 0 0 0 0 0 0 0 0 0 0 0 0 0 0 0 0 0 0 0 0 0 0 782.558914912447
42.0809708150749 0 0 47.7907698880887 0 13.9227987639732 0 0 -46.966966963858 -41.9364111009672 0 -34.5518887629178 11.2563613851193 0 0 -12.6877178062915 0 0 0 0 0 0 -10.6728832538915 0 -0.665723679970387 14.1946123228809 0 0 0 0 0 -7.0521314146249 0 0 0 0 0 0 0 0 0 0 0 0 0 0 0 0 0 0 0 0 0 0 0 0 0 0 0 0 0 0 0 0 -39.2376004820679
3.89657648949463 0 0 0 0 0 0 0 0 -30.5781646717739 0 0 0 0 0 -40.0084882261155 0 0 0 0 -29.3697165154356 0 0 0 -21.9278408818375 32.3213212078731 -45.3804074777556 -4.94619507701464 -32.2949373745298 3.09448380242069 0 0 0 0 0 0 0 0 0 0 0 0 0 0 0 0 0 0 0 0 0 0 0 0 0 0 0 0 0 0 0 0 0 0 -923.990128515391
0 0 0 12.8085338689352 14.3039774579668 0 0 0 -2.36844853309901 0 -32.3062110965439 0 0 -12.6000512544271 17.2530379133109 0 -7.04150996811767 23.8399351814992 14.5643817404339 0 0 18.4059285949739 0 0 0 0 0 0 -30.9822233531993 -43.0931292752129 0 0 0 0 0 0 0 0 0 0 0 0 0 0 0 0 0 0 0 0 0 0 0 0 0 0 0 0 0 0 0 0 0 0 -118.80237489349
-21.0431111317651 0 0 33.9003462023374 33.5271807870544 0 0 0 0 0 14.2209232830465 6.07682618472964 37.0391110215077 -40.2582753646592 38.9811485730608 0 0 0 -11.5669518787434 0 0 0 0 0 -40.2355439739902 -11.6248017638109 -4.05470086295049 0 0 21.884101941055 -30.621533273209 -0.46139637653505 0 0 0 0 0 0 0 0 0 0 0 0 0 0 0 0 0 0 0 0 0 0 0 0 0 0 0 0 0 0 0 0 61.9862731491352
0 0 0 5.16809445762363 -19.4523052126108 29.2457641094516 -9.15489575456887 0 0 0 0 3.62267800905236 -33.5085199954828 3.01605948143852 0 0 0 14.8557308886331 0 -49.5628517155146 0 -0.380617778058878 0 0 0 -23.7182138415965 -39.0450271552329 17.2403421355332 0 -30.7561090617811 -18.6474961862265 -21.1843531835289 0 0 0 0 0 0 0 0 0 0 0 0 0 0 0 0 0 0 0 0 0 0 0 0 0 0 0 0 0 0 0 0 -913.535069096423
0 0 18.5201998754065 0 -0.900417361421724 29.6198908912293 -39.8402138067496 21.5006565733357 0 0 0 0 0 0 44.7528523215226 -31.108414755899 0 23.9660937987978 3.44488321928267 0 0 0 -18.4581878875549 0 0 0 -38.531408490319 0 0 -32.9859600860056 36.5725441891263 0 0 0 0 0 0 0 0 0 0 0 0 0 0 0 0 0 0 0 0 0 0 0 0 0 0 0 0 0 0 0 0 0 -180.428444471324
0 -4.00403337846013 19.3046514741287 0 0 0 0 0 0 11.7943793856273 0 13.253704597322 34.0703438745702 -14.7729543943721 0 0 0 0 0 0 -17.8729241101324 0 0 18.435403849704 -10.6737915211941 13.4775577144313 0 0 -32.2344501298524 0 0 0 0 0 0 0 0 0 0 0 0 0 0 0 0 0 0 0 0 0 0 0 0 0 0 0 0 0 0 0 0 0 0 0 -164.743951660545
0 0 0 0 35.8275565963678 -45.0207117469251 0 -3.28523061842365 24.459393681072 -1.03423566058338 0 0 0 0 -4.02474168207713 0 0 0 0 0 -0.563643207822173 0 0 0 0 0 0 -11.0431092553106 -20.3610567492694 0 34.2807210730243 0 0 0 0 0 0 0 0 0 0 0 0 0 0 0 0 0 0 0 0 0 0 0 0 0 0 0 0 0 0 0 0 0 205.260603257927
-98.7351215633009 70.2096291438619 128.688951912506 -52.0468389547065 -140.005082589271 -29.7423970375092 91.7020222076612 -49.149686174308 52.3383082615329 101.856452236797 52.8101154219477 151.124355765214 -68.9956604750313 -109.866465049031 63.8077967883456 -88.2573393795294 105.771277214253 -70.955733909497 83.5717572913416 -55.1295491238963 18.67999293867 56.5552076706824 44.5336560439244 14.935255317763 16.1218773531906 22.1760958118667 63.6112693720399 67.6485086215116 -38.0466476621539 152.563660061594 -76.5293133063045 -89.8914818408741 0 0 0 0 0 0 0 0 0 0 0 0 0 0 0 0 0 0 0 0 0 0 0 0 0 0 0 0 0 0 0 0 0
