0 0 -11.5851494116831 -10.2052556210873 0 0 0 41.3025051679259 -6.65956532359578 0.896429376498187 0 6.76386469860574 0 0 0 0 -33.322311587072 0 -37.8723471131496 0 0 0 0 0 0 -7.42655751298126 -2.26458645347871 0 -10.8893680115497 0 0 33.0505228427645 1 0 0 0 0 0 0 0 0 0 0 0 0 0 0 0 0 0 0 0 0 0 0 0 0 0 0 0 0 0 0 0 44.4289567464476
0 13.8335386047141 0 0 -9.92372219376058 0 6.86456698720586 0 47.9200552395801 -25.9218856625759 14.2253624350275 45.1370578970713 35.6302818348364 -21.4860825955398 0 -27.9949593388544 0 -25.9661834771286 0 0 0 0 34.8461815932675 0 0 0 0 0 0 0 0 0 0 1 0 0 0 0 0 0 0 0 0 0 0 0 0 0 0 0 0 0 0 0 0 0 0 0 0 0 0 0 0 0 725.247318470043
0 0 -37.2587592089692 0 0 0 0 0 0 0 0 0 -49.6109574217045 0 0 -9.78253645405779 45.4276468897371 -23.0671559165272 -5.11315969407102 0 -45.3845903734485 0 0 0 0 0 0 0 47.1763484702406 -19.6830948796528 0 0 0 0 1 0 0 0 0 0 0 0 0 0 0 0 0 0 0 0 0 0 0 0 0 0 0 0 0 0 0 0 0 0 -300.422854131768
5.95246930299448 -42.6073529845153 6.84044429281782 0 -34.1526985592975 0 0 0 0 0 -26.9068539493506 0 27.4822058096994 29.7489901507303 0 0 0 0 0 0 0 0 0 0 0 0 -8.74138366692759 25.9536640994696 0 37.0325927000946 29.4944431045035 -3.47592906674119 0 0 0 1 0 0 0 0 0 0 0 0 0 0 0 0 0 0 0 0 0 0 0 0 0 0 0 0 0 0 0 0 173.426593005391
-45.0218651861326 0 0 0 0 3.85179018336066 0 37.2070146434698 0 0 0 0 0 36.016922285575 0 0 4.29526149721595 0 3.53088707869016 0 0 0 0 22.810228427407 0 9.04592164593017 8.89642634572174 -38.2541108851154 -38.4678719888961 0 11.4931539959866 0 0 0 0 0 1 0 0 0 0 0 0 0 0 0 0 0 0 0 0 0 0 0 0 0 0 0 0 0 0 0 0 0 -233.097616160591
0 37.0957206189062 0 0 0 0 0 0 0 0 0 0 0 0 0 0 0 0 21.5508292228841 46.5022182063801 0 0 0 0 0 33.9111533097442 -14.9124680115802 0 -20.1620510733775 0 0 0 0 0 0 0 0 1 0 0 0 0 0 0 0 0 0 0 0 0 0 0 0 0 0 0 0 0 0 0 0 0 0 0 257.898805096219
0 -2.64699786285869 0 0 0 -14.5104695157616 0 0 0 -26.5225797959911 0 47.7660625002919 0 -35.6430625769121 0 0 0 0 0 -42.4921825426133 0 -12.782285182095 0 5.1391862203843 33.9287722895503 0 0 0 0 0 -33.8468107560931 0 0 0 0 0 0 0 1 0 0 0 0 0 0 0 0 0 0 0 0 0 0 0 0 0 0 0 0 0 0 0 0 0 40.6634066973128
12.4659248026596 -19.2848188615089 0 0 -17.9555208351757 0 0 0 8.60438585104878 0 16.7391632885807 0 0 0 35.9692006574223 0 0 12.0031639404621 -26.4589581170528 4.67858668258122 -40.1948658816566 0 0 0 0 7.64480162032073 0 0 0 4.25631981516547 0 0 0 0 0 0 0 0 0 1 0 0 0 0 0 0 0 0 0 0 0 0 0 0 0 0 0 0 0 0 0 0 0 0 379.732811221829
-4.91640432486026 0 0 0 0 0 0 0 0 -17.5344564828467 36.0719608700584 0 0 0 -38.5152077868619 -44.7877984777496 0 0 10.783728273286 12.6038794288524 34.2974385780684 0 0 0 0 0 0 0 -26.4230249600064 -28.438649131299 0 0 0 0 0 0 0 0 0 0 1 0 0 0 0 0 0 0 0 0 0 0 0 0 0 0 0 0 0 0 0 0 0 0 -731.839483668729
0 17.3447088232295 5.29524973414364 44.0939734062666 0 49.1623622667266 16.3273477112673 0 28.1452564238408 0 13.1018897494325 0 22.6558515030265 0 0 0 0 3.10456945177127 0 46.6178880241275 0 21.5017378411788 0 0 0 25.9656794803655 0 0 8.39112206739967 0 -26.8568569547919 0 0 0 0 0 0 0 0 0 0 1 0 0 0 0 0 0 0 0 0 0 0 0 0 0 0 0 0 0 0 0 0 0 1615.18508377433
-44.5753335505304 35.8891848381837 0 0 0 0 -28.873239733616 37.0240542898511 38.2396968792185 0 0 0 38.2463209294175 30.4823622768809 -24.4952644813552 0 24.8252814257201 46.8475497449634 0 18.0141424260352 0 0 0 41.9585558276175 -30.3560524586514 -25.6616122386027 0 0 -13.2129284929748 0 0 0 0 0 0 0 0 0 0 0 0 0 1 0 0 0 0 0 0 0 0 0 0 0 0 0 0 0 0 0 0 0 0 0 23.1940879411528
0 0 12.0262715467681 0 0 0 0 0 0 -2.49627301673429 0 43.6572645183753 -38.3532354494191 0 12.8262508971621 0 0 0 0 0 -42.3117842393987 7.95311749875772 38.2287467379617 -9.14809367314476 0 0 0 -23.2589313023155 0 -49.3480293232297 -42.37055278718 0 0 0 0 0 0 0 0 0 0 0 0 1 0 0 0 0 0 0 0 0 0 0 0 0 0 0 0 0 0 0 0 0 -166.645495620145
0 0 0 0 48.1959828429983 0 0 0 28.5933173150756 -7.8550439084667 -15.0207230752896 0 0 -17.4067584679524 0 0 0 -29.9337808021574 0 0 0 -26.6348151171828 -49.8513867675155 0 -1.52911108450222 0 -48.5228834106187 0 -15.5665609280035 0 0 0 0 0 0 0 0 0 0 0 0 0 0 0 1 0 0 0 0 0 0 0 0 0 0 0 0 0 0 0 0 0 0 0 -483.783044526132
0 0 23.4492369231457 0 -38.5563526239381 0 0 0 0 44.3863919272173 6.88404955982683 -37.3020591443111 0 0 0 0 0 21.0513834852795 0 -28.5227360716372 0 0 0 -27.6025297619861 0 0 0 -7.46517093669357 -8.90943341460152 0 -23.2919835792153 -9.18589433017478 0 0 0 0 0 0 0 0 0 0 0 0 0 1 0 0 0 0 0 0 0 0 0 0 0 0 0 0 0 0 0 0 -688.962470788746
0 8.3634754353459 -25.0309573683505 -30.2281130165266 0 2.64860469437986 0 6.77485100281077 0 0 10.4321104396335 -1.58934284241644 0 0 0 0 0 0 -48.8285957200917 -26.7318136959046 0 0 0 9.49388528536639 0 0 0 0 0 0 -33.288961079601 0 0 0 0 0 0 0 0 0 0 0 0 0 0 0 1 0 0 0 0 0 0 0 0 0 0 0 0 0 0 0 0 0 -477.998964331218
10.6735510485941 30.7711687992141 -37.334121702453 35.4944114397495 36.4211597833806 0 4.8797242972943 31.1654914466572 0 0 -47.2692133298962 0 0 28.8579359046607 7.36745197523945 0 0 0 0 -3.72902751823898 0 -36.4354806467129 0 0 0 -22.8141330391762 0 0 0 0.439173923407765 0 0 0 0 0 0 0 0 0 0 0 0 0 0 0 0 0 1 0 0 0 0 0 0 0 0 0 0 0 0 0 0 0 0 175.870756213061
4.26878024230274 0 -5.77194641930809 0 0 0 0 -49.7068924672095 27.7864733788481 0 -6.67105227286538 16.3728507563839 0 35.8483193612865 0 -25.0234127403033 0 0 -26.2292200605193 0 0 0 -34.0341988695107 0 17.8175924178622 -18.2101261300847 0 0 -41.9855189983219 0 0 -48.5939116182825 0 0 0 0 0 0 0 0 0 0 0 0 0 0 0 0 1 0 0 0 0 0 0 0 0 0 0 0 0 0 0 0 -773.877906118424
25.3471041665624 0 0 0 0 0 0 0 -3.66026321453388 0 0 0 -32.0874442166972 -19.9388307113316 35.4707930680838 0 0 0 0 0 0 0 0 -3.69254167743709 49.4284115179306 0 2.50599680992895 0 0 0 -23.1383331753247 0 0 0 0 0 0 0 0 0 0 0 0 0 0 0 0 0 0 1 0 0 0 0 0 0 0 0 0 0 0 0 0 0 528.833540157982
44.7117291205826 21.7901810920114 0 0 -32.8752085965875 -22.6669243997235 -22.1071729613438 0 -3.01529999932766 0 0 0 0 0 -48.2022924582148 15.7105380567405 49.9332006166134 -22.722722352694 0 47.4973157160785 -17.9579378297304 0 0 0 0 -22.9880478081933 22.9616713778212 35.6213360577394 0 -2.41196267887558 0 3.51666707105589 0 0 0 0 0 0 0 0 0 0 0 0 0 0 0 0 0 0 1 0 0 0 0 0 0 0 0 0 0 0 0 0 -413.461071583973
0 0 -30.8996367962749 -21.2204947398704 0 29.4528080617444 7.07150242791414 0 -3.29649971650724 0 0 -48.7370129658489 38.9833648826716 -40.9294891742813 0 0 0 -8.76885360747884 0 43.0376324585893 49.2407568866302 0 0 21.8043987728132 46.6624159573924 0 0 40.6467398745294 0 18.6934227846107 0 -39.7238381220921 0 0 0 0 0 0 0 0 0 0 0 0 0 0 0 0 0 0 0 1 0 0 0 0 0 0 0 0 0 0 0 0 126.525198504924
0 0 0 0 0 0 0 21.3601490002977 -27.8987066916565 47.5293228216587 -19.2151371736791 9.87271391019022 14.8098406911895 0 35.4240449122197 0 0 0 10.6985985420904 0 0 0 25.1982449040765 0 0 0 0 0 0 0 39.5911597612598 7.15770483865565 0 0 0 0 0 0 0 0 0 0 0 0 0 0 0 0 0 0 0 0 1 0 0 0 0 0 0 0 0 0 0 0 752.418156474144
35.0407068541354 0 -34.3774107538778 -36.4439878774732 0 -45.1409893839687 0 0 -15.6704247182626 0 0 -20.9705679182905 0 0 43.540943389222 0 0 0 0 49.4329769360698 34.8853752954335 0 -3.90176333574283 0 0 0 0 0 0 40.3947918886526 0 -19.8793655619607 0 0 0 0 0 0 0 0 0 0 0 0 0 0 0 0 0 0 0 0 0 1 0 0 0 0 0 0 0 0 0 0 123.260204399513
0 28.6363011031518 0 0 0 0 0 46.5831631055735 0 -26.1709749361711 33.05183578469 15.4618145346645 -41.6764011437458 29.0951263151478 0 0 0 0 44.0544858618374 17.3469688792058 0 0 40.0788559954416 0 0 0 42.7181308444084 0 39.3857039736227 0 0 11.0564720736277 0 0 0 0 0 0 0 0 0 0 0 0 0 0 0 0 0 0 0 0 0 0 1 0 0 0 0 0 0 0 0 0 1004.28854024856
0 0 -36.3366456360991 0 0 0 35.8595618152802 0 0 0 0 0 26.8969571067748 28.1239438859032 0 -21.3951111064705 1.17183803057995 -24.1610230915973 0 0 -43.401491167986 0 0 -5.21954140634617 0 0 -12.6719445913289 16.7693809434737 0 -30.2510803203418 0 4.85782520271741 0 0 0 0 0 0 0 0 0 0 0 0 0 0 0 0 0 0 0 0 0 0 0 1 0 0 0 0 0 0 0 0 -154.904167254598
23.6731152382484 0 0 0 -41.9986214878291 17.1016098326529 0 33.217196618146 0 0 0 0 23.2756484911215 35.0370818756737 -48.4525434894377 -48.9820537747369 0 0 13.7169087877209 0 0 -29.2256807187402 0 -19.2843138875437 0 0 0 45.2969777657835 0 -29.0202798425039 3.44931754297541 0 0 0 0 0 0 0 0 0 0 0 0 0 0 0 0 0 0 0 0 0 0 0 0 0 1 0 0 0 0 0 0 0 -1005.81447693389
-6.82411785324204 0 0 -2.04383155276181 0 0 -11.4414180442569 -21.2702741715103 0 8.34617178741591 0 11.9252416183577 0 0 0 -31.8042997398892 29.3276545019446 0 0 0 -34.7231837044367 0 -20.891251707663 19.0503686221835 0 -18.6701046898442 0 5.155546180934 0 0 0 0 0 0 0 0 0 0 0 0 0 0 0 0 0 0 0 0 0 0 0 0 0 0 0 0 0 1 0 0 0 0 0 0 -354.265746213589
0 0 0 0 37.7416765332737 45.433923711075 48.6216135098035 22.3069871444638 0 0 0 -43.4366700555629 -41.5975913365002 0 0 0 0 0 7.14687853055616 0 0 0 7.70235889707356 0 0 0 0 0 -17.5513304161292 0 -49.3496745636223 0 0 0 0 0 0 0 0 0 0 0 0 0 0 0 0 0 0 0 0 0 0 0 0 0 0 0 1 0 0 0 0 0 110.207139143899
0 0 -39.3701399500746 0 0 0 0 25.8513643253553 -11.0002023175228 14.155369895987 43.7335697165954 0 0 0 -30.6967258200407 0 13.7279114725555 0 -23.3840556489591 -29.4474765824452 0 0 0 0 0 14.1015496108159 0 0 30.0976195794208 20.8087815624968 -42.7686805855597 0 0 0 0 0 0 0 0 0 0 0 0 0 0 0 0 0 0 0 0 0 0 0 0 0 0 0 0 1 0 0 0 0 152.161170369698
32.3419928461518 0 -26.0694150461411 -17.1571776594491 -49.8578160848708 -45.7430482932111 0 -2.61344383942194 -7.45738891596784 0 18.8247207605369 44.685714609717 5.48179000281452 34.8082339881204 21.637616287233 0 26.2808578083426 0 0 0 0 27.1697393615697 -49.7196756128596 0 -49.1471002702371 13.1051425086625 0 0 -26.9731650236013 0 0 0 0 0 0 0 0 0 0 0 0 0 0 0 0 0 0 0 0 0 0 0 0 0 0 0 0 0 0 0 1 0 0 0 -314.592210877416
0 0 -3.76070162238569 0 -10.0536739317118 0 0 0 0 34.5214886510917 0 -38.166090403427 35.3895380522213 0 28.0735712342871 0 0 0 0 0 0 -7.70769977443521 -29.7404078686338 0 0 0 0 0 0 0 0 0 0 0 0 0 0 0 0 0 0 0 0 0 0 0 0 0 0 0 0 0 0 0 0 0 0 0 0 0 0 1 0 0 -110.679638836928
0 0 -30.5332850134679 17.6558695496206 0 0 0 22.3119626486815 0 0 0 0 0 0 25.6019775085906 0 0 -30.9871476186852 0 -34.1976420051649 32.5122623401541 0 0 5.40471257638354 0 0 0 -14.4105561220905 18.1819985911689 0 0 0 0 0 0 0 0 0 0 0 0 0 0 0 0 0 0 0 0 0 0 0 0 0 0 0 0 0 0 0 0 0 1 0 334.150309027322
0 3.97176379346218 49.6770314328032 0 -38.9565030462441 0 12.0419166621616 0 -22.8757913883681 24.7521276207424 15.0344682758549 0 0 0 -25.8475278399468 -38.5739781714831 0 0 0 -27.7765457770144 0 0 35.7077397502085 0 0 0 -42.8665286241899 0 0 0 -3.74069904040485 0 0 0 0 0 0 0 0 0 0 0 0 0 0 0 0 0 0 0 0 0 0 0 0 0 0 0 0 0 0 0 0 1 -308.37366004475
36.510685850206 -31.6855381968755 -25.5249212713419 0 -38.6243424841289 -47.2262854868375 -28.1146654774632 0 0 0 0 13.1817245882867 0.913043259936774 -43.4134766412699 -38.6083356759837 0 0 0 32.9930188738794 0 35.2812311626054 0 0 29.9866530472391 -47.5003717865052 0 0 0 0 0 0 48.0226987557934 0 0 0 0 0 0 0 0 0 0 0 0 0 0 0 0 0 0 0 0 0 0 0 0 0 0 0 0 0 0 0 0 -474.470584293407
0 -6.61918540724421 0 0 33.4830428368987 -46.3302326535912 0 0 0 0 0 -7.63390881798283 43.5613646971781 0 -33.2162727725177 9.09356419952378 0 -42.9762046778544 0 0.128575986175261 0 37.083492846931 0 0 0 -44.970646244539 0 0 0 -21.1964461114521 33.0952699841669 0 0 0 0 0 0 0 0 0 0 0 0 0 0 0 0 0 0 0 0 0 0 0 0 0 0 0 0 0 0 0 0 0 -198.746322503045
0 26.3040680536833 0 -15.2061236829128 0 0 0 0 0 -42.5330657650673 -19.6443798496538 0 0 0 0 0 -19.1570838312864 0 0 33.8363631449821 2.24047268422007 24.602412785046 0 0 -49.6328426714596 -27.3577942853493 0 0 -21.238791914417 0 0 40.0239236049747 0 0 0 0 0 0 0 0 0 0 0 0 0 0 0 0 0 0 0 0 0 0 0 0 0 0 0 0 0 0 0 0 -354.318433041099
47.1880092344223 -9.13645284557791 0 0 0 0 -47.5412250622454 0 0 -22.4998929335232 0 0 0 0 0 0 0 -42.4324126823701 0 0 0 0 -18.7158919449706 17.7082128300114 0 0 -26.7665693382122 20.0495607956869 0 29.2115135225218 41.0464109926786 0 0 0 0 0 0 0 0 0 0 0 0 0 0 0 0 0 0 0 0 0 0 0 0 0 0 0 0 0 0 0 0 0 -2.21483166943426
0 0 0 0 40.6731950230442 21.4057592857961 0 0 -47.6672730750332 0 0 0 37.6731664624753 0 33.1625733413553 0 -15.5865950651174 0 30.5237961243281 0 -22.3952714812204 35.7526641193469 0 0 0 0 0 6.92609395638539 -30.4114302772199 0 0 0 0 0 0 0 0 0 0 0 0 0 0 0 0 0 0 0 0 0 0 0 0 0 0 0 0 0 0 0 0 0 0 0 522.17264702765
0 -47.2454277372662 -8.12844481580651 3.23813957389681 0 0 0 0 -49.7959722666797 32.1194103160205 0 0 0 0 23.0237681734158 0 0 11.7578950889269 0 48.9740675595212 0 0 16.6919188235317 0 0 0 2.97821731636476 33.2601641546306 0.957377276947147 0 0 0 0 0 0 0 0 0 0 0 0 0 0 0 0 0 0 0 0 0 0 0 0 0 0 0 0 0 0 0 0 0 0 0 245.592960385894
0 41.2428726365669 47.6913760795225 -39.3327681052224 0 0 -38.6145816232841 0 0 0 0 0 0 0 -0.295633411087326 0 0 0 0 46.1944493536726 0 0 0 0 10.6137181380749 -16.9618507373448 -24.1199366939294 0 0 45.263204076654 0 0 0 0 0 0 0 0 0 0 0 0 0 0 0 0 0 0 0 0 0 0 0 0 0 0 0 0 0 0 0 0 0 0 3.23650423343986
0 0 -24.2607253401378 0 -5.11273994792305 0 0 -4.14993088314014 -48.2530486074274 -10.3723534805849 0 17.8623138699987 -3.05282115195608 -36.8904206376631 -35.0104613392066 0 0 0 0 32.3972410674951 0 43.3969673750726 0 0 0 0 -11.5562976388441 0 0 0 0 0 0 0 0 0 0 0 0 0 0 0 0 0 0 0 0 0 0 0 0 0 0 0 0 0 0 0 0 0 0 0 0 0 -167.089653638517
9.0300845267984 0 0 0 0 -31.2891188571133 0 -11.6827949722049 -31.9650355222897 0 0 47.0587707179549 -21.7532006213731 0 0 0 0 0 -18.3746698492782 0 7.17810342516415 -6.85503436087465 0 -46.0415156512139 0 -42.1415294985045 23.6866537663176 0 0 -2.33146307941071 0 -4.62277345109208 0 0 0 0 0 0 0 0 0 0 0 0 0 0 0 0 0 0 0 0 0 0 0 0 0 0 0 0 0 0 0 0 -574.936480526984
0 -37.9458398267643 42.8375675489169 47.9561624332339 -29.5078804288196 -42.3503262340184 0 0 0 0 0 -49.8397382462852 16.2404043019977 45.7052341394912 15.8112703776126 24.2286980352188 0 0 9.1619702316844 -43.8558673378694 0 -34.4373430478099 0 0 -21.4162675270873 0 42.5934501189251 0 0 12.798678083261 0 0 0 0 0 0 0 0 0 0 0 0 0 0 0 0 0 0 0 0 0 0 0 0 0 0 0 0 0 0 0 0 0 0 -376.944344470645
0 0 0 0 0 0 0 0 0 0 0 46.4699925761068 30.8947147454143 1.3925048431506 34.1800283683429 8.41379799132149 0 0 0 0 -5.75149525957183 -6.50344430473171 0 -35.5416273193013 36.8296208110057 0 0 0 0 0 0 0 0 0 0 0 0 0 0 0 0 0 0 0 0 0 0 0 0 0 0 0 0 0 0 0 0 0 0 0 0 0 0 0 817.78018286375
0 5.3009776144198 0 47.2354888750903 12.4998104600544 48.6147193204683 0 0 0 0 5.27504789681139 0 0 0 -39.7858745182244 0 18.5626359543529 45.9123634918785 27.9961696434626 0 -45.1729708026092 0 0 7.91185161576817 0 8.89939125281042 3.18779951250193 0 37.024231403977 0 0 0 0 0 0 0 0 0 0 0 0 0 0 0 0 0 0 0 0 0 0 0 0 0 0 0 0 0 0 0 0 0 0 0 1006.60299349476
0 0 1.31271794731582 0 0 3.89856447742933 0 0 0 0 0 0 4.23380317995599 0 -44.3903604946307 -12.493029546675 0 0 0 1.79282378738383 47.7186387579788 0 0 0 -0.199488234279355 4.6629043555646 0 0 -28.080865935392 0 0 0 0 0 0 0 0 0 0 0 0 0 0 0 0 0 0 0 0 0 0 0 0 0 0 0 0 0 0 0 0 0 0 0 -449.246142068337
0 0 0 0 0 32.015342869096 0 20.7275460581628 0 33.8867613233993 0 19.000742589116 17.6383186301914 0 0 0 37.0505247938346 0 13.9496320748591 0 0 -7.15303444714187 0 0 0 4.65736882760562 0 0 0 0 1.72765405092267 -18.2341342583976 0 0 0 0 0 0 0 0 0 0 0 0 0 0 0 0 0 0 0 0 0 0 0 0 0 0 0 0 0 0 0 0 424.557195062095
42.2968255255506 0 0 -31.2667670181969 -48.4757783205697 7.41126273102372 31.7126103426408 0 0 0 0 48.0754231539085 0 32.551426436457 5.18799160879857 -1.05361478280063 -46.3811264665719 0 0 0 0 0 0 0 0 0 0 16.3486737519633 0 0 42.8684358185168 0 0 0 0 0 0 0 0 0 0 0 0 0 0 0 0 0 0 0 0 0 0 0 0 0 0 0 0 0 0 0 0 0 580.43301433156
37.0609333942701 0 0 0 -5.81395930392752 0 30.2345789541086 32.9363846784256 0 0.249488978510581 0 0 23.3006393355865 -47.0076802560519 0 42.8811566498061 0 0 0 -34.3292340598317 0 0 33.8545741038916 47.0364722950975 2.70138498885731 0 -49.5689613307251 0 -33.4137772763518 0 0 15.3766738229775 0 0 0 0 0 0 0 0 0 0 0 0 0 0 0 0 0 0 0 0 0 0 0 0 0 0 0 0 0 0 0 0 1053.43813393209
-44.9366821279895 0 -12.8639896299545 24.5934065197309 0 0 0 0 0 0 0 0 0 -48.766036372983 23.5616118761601 0 0 -47.7154744001268 0 39.5931705572958 0 0 0 5.03410320021709 0 -31.5461748447854 -2.59101956519187 0 0 7.33018100561276 -27.1781276399069 0 0 0 0 0 0 0 0 0 0 0 0 0 0 0 0 0 0 0 0 0 0 0 0 0 0 0 0 0 0 0 0 0 -263.415116829431
0 29.5773454145284 -1.08832030860813 -48.765286702402 0 0 0 -39.1792137588444 0 17.151331350975 1.99683332010649 -40.8836761851737 -24.1453930697361 -49.3566680612427 0 0 0 0 -48.6312662800628 40.2625846731652 49.887051368524 -10.8245247698707 0 -29.0291045337148 0 12.4551145086649 0 14.4577030677152 0 26.3103291080653 0 0 0 0 0 0 0 0 0 0 0 0 0 0 0 0 0 0 0 0 0 0 0 0 0 0 0 0 0 0 0 0 0 0 -726.406220986896
0 0 0 0 0 0 0 0 -38.2946460602466 0 0 -2.46472073332301 0 0 0 0 0 0 -9.9890566500766 0 0 0 0 -21.8250894445033 0 30.82250183663 0 0 0 0 -43.5971565693682 0 0 0 0 0 0 0 0 0 0 0 0 0 0 0 0 0 0 0 0 0 0 0 0 0 0 0 0 0 0 0 0 0 -458.169067457546
0 0 -31.4004415009193 0 0 0 0 0 32.0853705136439 0 -23.7432159361115 0 0 0 0 -49.2672088156256 -14.3626170665519 33.3539708912775 0 46.3140242424188 0 44.3795623435079 0 -1.23659204622119 -49.0429254930181 15.9225606273839 0 31.2475194185902 2.36371987613831 -47.4278001828837 -33.2287857097873 -35.2153766949319 0 0 0 0 0 0 0 0 0 0 0 0 0 0 0 0 0 0 0 0 0 0 0 0 0 0 0 0 0 0 0 0 -664.67866650763
-26.3513357308863 23.5993902000447 36.4031658325692 0 -5.65482969006658 0 4.13858423273884 -18.0267630766791 -32.1101528227987 0 0 0 0 9.8867205229543 -32.2104334562546 0 0 0 25.8912026751443 0 -47.2126325680946 -14.7836531879941 0 0 0 0 0 -42.1437593793164 0 -1.14194338908077 0 0 0 0 0 0 0 0 0 0 0 0 0 0 0 0 0 0 0 0 0 0 0 0 0 0 0 0 0 0 0 0 0 0 -805.778595415975
-24.3406851388701 0 -12.8705915836278 -33.5222436391941 0 0 0 -47.5339973357438 0 0 0 0 -11.2122299445015 -35.5562865231545 0 0 0 -15.5280458049398 0 0 0 0 -9.84941054742831 -47.1980580557591 0 36.5545754908307 0 -13.345264498793 0 0 -20.5610715619628 0 0 0 0 0 0 0 0 0 0 0 0 0 0 0 0 0 0 0 0 0 0 0 0 0 0 0 0 0 0 0 0 0 -1109.3032406102
0 0 -48.6236317822935 0 43.799411386722 0 0 -16.1345081040705 -33.3524560257714 -38.4834992086849 -3.47350863908071 0 0 0 -48.150491093512 0 0 5.23337477054169 23.4726315825918 0 7.8324166810005 0 -24.8591852347403 -21.3465132836062 0 0 0 41.7464173865126 46.0331582291485 -39.8122896842127 37.5999116590876 0 0 0 0 0 0 0 0 0 0 0 0 0 0 0 0 0 0 0 0 0 0 0 0 0 0 0 0 0 0 0 0 0 -649.305569101299
-11.1616991560278 15.072901526999 0 0 -10.6922420371592 0 48.5117660205092 -32.2081988187989 -24.1484966834696 29.291713516142 0 0 0 0 0 -24.5029927503609 0 -3.99406963035724 0 0 0 0 0 0 0 0 -26.9172080043492 0 0 0 0 0 0 0 0 0 0 0 0 0 0 0 0 0 0 0 0 0 0 0 0 0 0 0 0 0 0 0 0 0 0 0 0 0 73.5148577336986
41.6334402079229 0 0 0 -41.0810273195724 -43.4725829023196 -38.4663302989102 12.1268483361011 0 0 28.4502378254824 0 12.6152428174344 0 3.98575514195353 42.4528252766256 21.3994294114457 0 0 19.0274827779951 0 0 0 46.8470201813013 42.7859793705164 -1.87799060720143 -2.13221813757365 0 0 0 -21.1430161701593 -19.2961459408368 0 0 0 0 0 0 0 0 0 0 0 0 0 0 0 0 0 0 0 0 0 0 0 0 0 0 0 0 0 0 0 0 449.879540026997
36.7420720128309 -32.1363029313311 17.5353744725503 26.7363250312508 0 0 0 0 -26.9258497187582 0 0 0 0 0 -11.5974500839316 0 -47.1199655280204 0 -22.1314710304753 0 -20.4465874535124 -16.7272366550397 0 -2.75186180275263 0 -47.5443917739426 -13.2878669793192 20.4992576553995 -15.3466142960101 48.0748257137737 -22.4068189089183 33.1585325486271 0 0 0 0 0 0 0 0 0 0 0 0 0 0 0 0 0 0 0 0 0 0 0 0 0 0 0 0 0 0 0 0 188.724903384216
0 0 0 0 20.2128726860906 0 0 0 0 -42.2409840861231 -31.8611517855551 0 0 23.2921537454706 0 0 -29.824475406332 0 0 0 -18.0082041028243 0 0 -5.83471414210038 0 -5.06092259909927 0 23.7492535890532 0 -10.4422717761781 -41.8359255542114 22.0145013098002 0 0 0 0 0 0 0 0 0 0 0 0 0 0 0 0 0 0 0 0 0 0 0 0 0 0 0 0 0 0 0 0 -381.386553644166
0 -23.8971111945721 0 0 -5.38765894506373 26.6277541038676 -20.6381365941473 0 0 0 40.6276608780558 30.0441523278753 -22.6334856926182 0 0 0 0 0 -7.79738227000147 4.61494380977799 -41.1693599024416 0 15.7353413566771 31.2010948393288 0 37.0394988111123 -35.6541272996568 36.6129911541525 0 -38.771792879714 0 0 0 0 0 0 0 0 0 0 0 0 0 0 0 0 0 0 0 0 0 0 0 0 0 0 0 0 0 0 0 0 0 0 228.185062872784
0 2.99302413831688 12.4424163694829 0 -25.0609583591302 0 -43.2486632435457 0 0 0 0 31.4944769200941 0 -42.2393254128614 0 -45.2841964403721 -17.2181177144341 -28.1084943792575 0 -15.5487025089469 0 -13.7165264719953 0 0 0 0 -13.8652033252313 49.960536420671 43.678520758568 0 46.8758841497321 0 0 0 0 0 0 0 0 0 0 0 0 0 0 0 0 0 0 0 0 0 0 0 0 0 0 0 0 0 0 0 0 0 -388.394247237656
0 0 0 0 0 -17.226227253058 -41.6704075868538 0 47.7998761385931 0 0 4.80642453497537 0 0 0 0 0 14.1820026769676 0 0 0 0 0 0 -37.4399080057509 0 0 0 -20.3796182639088 0 0 46.9115802742152 0 0 0 0 0 0 0 0 0 0 0 0 0 0 0 0 0 0 0 0 0 0 0 0 0 0 0 0 0 0 0 0 -48.1380778763148
0 0 0 0 0 0 0 -30.8871896597589 -44.2468215033991 0 0 0 -42.0605031168412 3.47651384769908 0 -5.94597977663677 5.04640516997733 0 0 30.8621917430102 0 0.730763408860602 0 0 0 0 40.7456890137837 0 0 -26.5905130091526 0 7.27667206778891 0 0 0 0 0 0 0 0 0 0 0 0 0 0 0 0 0 0 0 0 0 0 0 0 0 0 0 0 0 0 0 0 -580.882517110235
0 47.1702687716373 0 0 0 0 14.759524649501 17.6707143241261 0 -5.55735850534934 -48.8079737727352 0 0 17.4479958837631 0 8.04294478472504 0 40.6501423145487 0 0 0 8.14424655425985 0 45.8360379957246 0 0 -48.0708940450163 0.994475885288615 -27.6258492124316 0 -14.1873832062091 0 0 0 0 0 0 0 0 0 0 0 0 0 0 0 0 0 0 0 0 0 0 0 0 0 0 0 0 0 0 0 0 0 341.752866576899
-38.2261692445383 -54.2711725386685 -4.33625042758257 13.3110083135315 -19.4393736398031 -9.61083032161712 25.1071020082501 -9.00702279985849 -99.8166279366023 12.1819117816254 46.156591374238 2.37212550771082 -82.9309661130259 2.04306858392624 52.7395069032883 -14.0371522678762 -49.28229725329 3.78205538708544 74.3625284972111 -104.416969795187 -15.3633729183462 -34.4747303226296 -3.26115497366213 -69.250019150537 -67.5858550415172 40.2848396732395 103.567050482547 -97.2824578855263 56.8835861169708 -18.9857692805886 -15.580156012374 56.1190405266725 0 0 0 0 0 0 0 0 0 0 0 0 0 0 0 0 0 0 0 0 0 0 0 0 0 0 0 0 0 0 0 0 0
