27.2967887150624 0 21.3190475896944 -15.0592649700093 0 0 0 0 0 0 0 0 23.9196536752971 -41.633858563738 0 0 -4.99427659228607 -19.9207356776583 -8.46204877572684 0 -40.9042591700569 30.3221724335751 0 0 0 0 0 -14.420749390407 0 0 0 0 1 0 0 0 0 0 0 0 0 0 0 0 0 0 0 0 0 0 0 0 0 0 0 0 0 0 0 0 0 0 0 0 22.8089934603133
0 0 0 25.253529893051 0 0 26.4273110563468 0 -24.4609976813915 0 0 30.5064739318893 0 -9.38336878373376 0 0 0 -33.6981103681536 0 0 0 0 0 0 0 -34.0218011809074 0 0 0 -8.30821057364887 11.9088579141459 -2.94835730835236 0 1 0 0 0 0 0 0 0 0 0 0 0 0 0 0 0 0 0 0 0 0 0 0 0 0 0 0 0 0 0 0 28.2475131841497
6.25777331230269 0 0 -6.24090571799952 0 0 0 0 0 0 0 0 0 -37.8216646105873 -32.620445941847 0 0 15.8413916954961 29.7101434566428 3.86916946012729 -32.1026746058775 48.3293522876225 0 0 0 0 0 0 0 -39.3334215273836 0 38.1069572928898 0 0 1 0 0 0 0 0 0 0 0 0 0 0 0 0 0 0 0 0 0 0 0 0 0 0 0 0 0 0 0 0 -124.904486118413
0 0 0 0 0 -49.6900404794162 0 15.8088498431097 0 -1.08831513283514 -40.7019859680996 0 -13.6104419486663 0 0 0 29.1889577602634 0 -10.8662175880141 0 -4.46942100516665 0 30.8105963445105 0 -32.8245161440299 0 0 0 -7.16249145761962 0 20.3141622889441 -29.2832482407872 0 0 0 1 0 0 0 0 0 0 0 0 0 0 0 0 0 0 0 0 0 0 0 0 0 0 0 0 0 0 0 0 -686.54132874779
0 32.6983305084376 42.3928730345173 31.8618423544842 0 -40.883460822493 26.3509676539743 0 -12.6660162099845 0 0 0 0 0 1.94466861304252 0 0 45.3090847858136 0 0 0 0 12.117532703189 0 1.82383213901161 -1.23452187452072 5.69131937551687 0 41.0354040148344 0 0 0 0 0 0 0 1 0 0 0 0 0 0 0 0 0 0 0 0 0 0 0 0 0 0 0 0 0 0 0 0 0 0 0 913.729597180505
-8.14038108481218 41.8433084172694 -31.9920873389998 0 0 44.0790263845998 -15.5164882593887 0 22.1301552148946 36.8374604917469 0 -35.6406065479218 -35.1222059943726 0 -9.06455188833423 0 0 13.6897642137315 0 0 0 0 -29.2349186815211 18.6474038466751 0 0 0 0 0 0 0 -27.5955766092782 0 0 0 0 0 1 0 0 0 0 0 0 0 0 0 0 0 0 0 0 0 0 0 0 0 0 0 0 0 0 0 0 -288.827206906648
-21.4304769934858 0 0 0 0 0 0 0 0 0 44.4753379459092 1.05490006504455 40.6220283914303 0 0 0 25.0101550436859 -0.43479687412159 -2.38146450837959 0 0 0 0 0 0 0 -42.2848703934928 0 0 0 47.2957811131359 0 0 0 0 0 0 0 1 0 0 0 0 0 0 0 0 0 0 0 0 0 0 0 0 0 0 0 0 0 0 0 0 0 770.838937461937
0 0 -11.9300402329486 0 0 0 0 0 0 -22.619419901735 0 23.210366110037 0 39.4851714218601 0 0 0 0 0 0 0 0 -20.3747185740104 32.4431587880537 0 0 0 0 0 43.6516017181534 0 -36.2500568635074 0 0 0 0 0 0 0 1 0 0 0 0 0 0 0 0 0 0 0 0 0 0 0 0 0 0 0 0 0 0 0 0 428.617356186799
38.3461264548873 0 6.27259014946611 0 0 21.1456929005396 5.89023089842476 0 -17.670130727986 0 0 0 0 41.1355118515964 -10.8580570502984 -37.6558723569362 -0.60644285077166 0 -15.3156060969519 0 -25.8196123947382 44.8822839141192 48.485173561233 0 0 0 -12.7874690071437 35.3157774538528 0 0 47.8181687619021 0 0 0 0 0 0 0 0 0 1 0 0 0 0 0 0 0 0 0 0 0 0 0 0 0 0 0 0 0 0 0 0 0 881.462340190174
0 0 0 0 0 31.3483294070503 -38.6306574617451 -26.2714122365202 -14.2291823574359 0 0 0 0 21.2015288254691 0 0.510083316351539 0 0 0 49.4332206769592 0 -18.6721771731622 22.7501458036119 0 0 30.5812701740752 0 44.3140947047838 -11.6019014681398 0 29.1668263048899 -17.7683552488656 0 0 0 0 0 0 0 0 0 1 0 0 0 0 0 0 0 0 0 0 0 0 0 0 0 0 0 0 0 0 0 0 145.020593866111
0 0 0 0 0 0 0 0 0 29.2856087837525 5.68836891711545 0 0 0 0 -16.264404800813 8.54167135850901 0 0 0 0 46.1946426958865 0 -12.0223856380834 -42.6110617202968 10.1947521440945 -35.7766616213987 -17.2833650319555 35.1049009886111 -26.0003072665025 0.100119367918561 0 0 0 0 0 0 0 0 0 0 0 1 0 0 0 0 0 0 0 0 0 0 0 0 0 0 0 0 0 0 0 0 0 342.978639459355
28.3176254020088 0 0 0 0 32.525452625619 0 0 0 -32.9628532583351 0 0 0 27.0318451245201 0 0 40.7651653290075 24.4978511644055 10.7682407914821 11.4740005368769 0 0 0 0 0 0.0716302417184012 0 0 0 -49.7759184778184 0 0 0 0 0 0 0 0 0 0 0 0 0 1 0 0 0 0 0 0 0 0 0 0 0 0 0 0 0 0 0 0 0 0 381.466940450705
0 0 26.6362638082773 -7.29870191625276 0 0 -7.51852646964491 -25.0587330157505 0 0 0 0 0 0 0 0 0 -42.6943385016981 0 0 -8.30845417993284 0 23.331912372958 0.517866596850269 -17.9922187685788 0 0 -42.2741522664089 0 0 5.47388295049883 27.5796647163473 0 0 0 0 0 0 0 0 0 0 0 0 1 0 0 0 0 0 0 0 0 0 0 0 0 0 0 0 0 0 0 0 -267.627784958533
0 -4.4201247318242 0 24.7139336538166 5.80591221307559 0 42.0339485902564 0 -41.712830523265 43.4696608756627 0 0 0 0 0 -24.6709522662713 48.2280412475146 0 1.36558830935234 -18.25471338969 9.20814272500082 0 0 0 23.905798441851 0 0 0 0 0 -31.1350044575431 -11.394217432936 0 0 0 0 0 0 0 0 0 0 0 0 0 1 0 0 0 0 0 0 0 0 0 0 0 0 0 0 0 0 0 0 434.488682811774
0 0 10.9007761555806 -44.3643075570778 -44.5622199102483 26.9063324006311 34.9972172717942 0 0 0 0 0.615082135333622 0 0 -42.2219262101783 34.7881274455664 0 12.220604162576 0 4.641128321097 -13.8115181033538 -44.8013035918881 3.20659938929038 0 0 29.5594751709905 -47.6001078252985 -28.9354317966289 0 0 34.5902918326933 0 0 0 0 0 0 0 0 0 0 0 0 0 0 0 1 0 0 0 0 0 0 0 0 0 0 0 0 0 0 0 0 0 296.917906997835
37.4084296617418 0 -35.3597714753492 0 -28.4291956027891 0 0 -0.698674803126698 0 0 -13.8769342013212 -32.3804218874648 0 -47.1439349361466 0 0 0 0 -24.8017353393669 -6.10242987918765 0 0 0 20.4402839031381 0 -35.5697661581611 0 0 -37.6537839358462 0 0 29.6864907856699 0 0 0 0 0 0 0 0 0 0 0 0 0 0 0 1 0 0 0 0 0 0 0 0 0 0 0 0 0 0 0 0 -1138.02348354376
10.4696003146497 -49.2400684448838 -14.7055669123542 0 0 0 -6.81364518827895 44.0825688387159 -20.2702044532758 -31.1607987136029 24.8024956574287 -38.1376696492861 -20.4594048655746 0 0 0 0 0 0 -9.66802068660689 0 -20.3235373921521 42.9808729955398 0 0 0 33.2060646867978 0.375739372287431 -17.8658235980135 0 -22.7728752700432 0 0 0 0 0 0 0 0 0 0 0 0 0 0 0 0 0 1 0 0 0 0 0 0 0 0 0 0 0 0 0 0 0 -1361.15565298467
0 -21.5898521935383 0 0 0 0 48.880622452653 14.858109539912 26.9355011438196 40.288851287192 -0.80062056721707 -32.5308034365716 0 0 0 -15.593324345483 -20.5015778929608 0 0 0 0 0 24.1969866326133 10.5964190988206 0 0 -21.3244952109589 0 0 5.380087505108 0 33.5972614724823 0 0 0 0 0 0 0 0 0 0 0 0 0 0 0 0 0 1 0 0 0 0 0 0 0 0 0 0 0 0 0 0 449.881482575793
4.89427106874641 0 46.5030147688705 27.6342413478397 0 -30.5760018557411 13.0950589562417 0 0 0 14.8118230122366 0 0 -22.5056978764693 18.2984023530454 -15.3721130061889 37.9768750740711 49.389123997627 -42.8793262322423 0 0 49.1426518111414 0 0 -19.6911201835622 -33.1673913759008 -42.003624533164 -29.1395990830694 0 0 0 0 0 0 0 0 0 0 0 0 0 0 0 0 0 0 0 0 0 0 1 0 0 0 0 0 0 0 0 0 0 0 0 0 278.262766780686
9.37936647172866 0 44.1050559777104 0 0 0 -45.1130141118121 -33.5971626213681 0 -13.8961415213674 0 0 -23.0440816724018 0 14.0444160958055 0 0 0 -42.2443079006881 15.528424441048 10.5686458218314 0 0 0 -8.19159379818136 0 0 -1.74377042170067 -16.9551814925563 9.11490163160816 0 48.4975195322339 0 0 0 0 0 0 0 0 0 0 0 0 0 0 0 0 0 0 0 1 0 0 0 0 0 0 0 0 0 0 0 0 -315.964096457051
-1.19952659650768 0 -35.6158230585961 0 -21.5401671961831 32.4429942288648 0 35.788064937652 0 -21.7226313811892 -5.5757898317969 0 0 -6.67850681432257 -29.1310166310042 0 42.1176751561191 0 -37.0269304324048 0 0 3.40737261476635 10.0729119439067 -17.3527795670441 0 0 0 0 26.0186923130205 4.9860347118443 0 15.986892822137 0 0 0 0 0 0 0 0 0 0 0 0 0 0 0 0 0 0 0 0 1 0 0 0 0 0 0 0 0 0 0 0 645.439996410423
0 0 -17.2690396229399 0 0 0 0 0 0 0 5.96238860163862 -31.5366713436206 19.6923216873798 -29.3834172756555 0 0 0 -20.4404250098106 16.6904083353982 0 -28.4361514544016 0 0 0 0 0 0 0 49.4814778605256 0 32.2600592426123 0 0 0 0 0 0 0 0 0 0 0 0 0 0 0 0 0 0 0 0 0 0 1 0 0 0 0 0 0 0 0 0 0 84.952276951523
0 0 43.6857387265148 0 0 0 0 0 0 0 0 0 0 0 0 -26.6953293242278 0 0 10.2224606441437 0 0 0 0 0 0 0 0 0 0 0 0 37.815502714485 0 0 0 0 0 0 0 0 0 0 0 0 0 0 0 0 0 0 0 0 0 0 1 0 0 0 0 0 0 0 0 0 298.384898757417
0 -26.3181307326115 0 0 -35.7034397927548 19.8239400938012 34.1191525250677 0 0 -13.8717284487492 -44.9860109943882 -12.6328203663108 -41.9111523537236 -13.1933735874647 0 0 15.6572477498523 -18.1493258846011 0 0 14.5251383361217 20.0426511674515 0 0 41.6277703504795 0 0 0 0 0 0 0 0 0 0 0 0 0 0 0 0 0 0 0 0 0 0 0 0 0 0 0 0 0 0 1 0 0 0 0 0 0 0 0 143.356501572595
0 0 0 4.63666196459088 -9.08992436170788 0 -23.7068557834567 0 0 -35.3729651739063 0 49.8716821253518 -31.7621466733721 0 46.8505762569218 39.1427682026436 3.71420399032359 0 0 41.8522610158938 4.34958439449972 0 47.7531467259746 16.6673541857914 16.847049332534 0 0 0 -12.7257860443817 40.1464248635737 -19.7176389580329 -16.4386377519688 0 0 0 0 0 0 0 0 0 0 0 0 0 0 0 0 0 0 0 0 0 0 0 0 1 0 0 0 0 0 0 0 812.218783636078
0 15.0998984873326 -12.0301049650106 -27.3576747915262 0 0 0 0 36.6708705202424 0 11.3560070914856 0 -33.9878476024223 0 0 0 0 22.4417052145141 11.5226363998754 0 0 16.9939369901748 19.2193021233264 30.4925049558387 0 34.34362581187 39.1913436949931 0 -41.1136543329876 0 47.8793124683008 -46.7617092416627 0 0 0 0 0 0 0 0 0 0 0 0 0 0 0 0 0 0 0 0 0 0 0 0 0 1 0 0 0 0 0 0 -72.4216763979036
31.0444680212956 0 0 -15.1149394575133 -18.5393687205226 0 1.98989902882358 0 0 0 0 10.7559864886027 0 0 0 0.203816658232614 0 0 -9.15838385550434 -46.586499114236 9.94233519102219 0 8.76912599982809 0 29.3431835764776 0 6.24593318685994 1.77871367836171 0 -0.717714422790283 2.04381594951332 15.9814524454521 0 0 0 0 0 0 0 0 0 0 0 0 0 0 0 0 0 0 0 0 0 0 0 0 0 0 1 0 0 0 0 0 409.799325116446
0 0 0 0 0 -20.7693743145259 44.8767606436173 0 0 0 0 4.18165287490736 0 0 -6.55113073039217 0 0 0 -1.08977191913521 0 0 0 0 0 12.2841980544979 0.0366098124583658 0 0 0 0 0 0 0 0 0 0 0 0 0 0 0 0 0 0 0 0 0 0 0 0 0 0 0 0 0 0 0 0 0 1 0 0 0 0 292.61079275667
-15.9509979732494 4.51775565316253 0 0 0 0 0 -43.7493347956908 3.51249858772996 0 14.7531215651067 0 0 0 0 3.11218649486397 -20.1609833709205 0 0 0 0 0 0 0 0 -0.604122108835481 8.55223961358368 14.9034800615157 -5.11002475164328 0 0 0 0 0 0 0 0 0 0 0 0 0 0 0 0 0 0 0 0 0 0 0 0 0 0 0 0 0 0 0 1 0 0 0 -595.381201599561
0 -39.9749579860765 0 -9.19621547385936 0 -40.169989221324 28.5051031580223 0 0 -10.3550320869479 0 -30.9675401734433 7.10002599846571 0 46.7952683406486 0 0 0 0 -27.9963809863033 0 0 -19.8937937726841 0 -49.4759154237287 0 46.4511669108758 0 0 -32.3258343268018 0 0 0 0 0 0 0 0 0 0 0 0 0 0 0 0 0 0 0 0 0 0 0 0 0 0 0 0 0 0 0 1 0 0 -1273.88977633589
0 0 8.59795306851836 0 -37.0382214166263 12.2830743621303 0 -21.6039908015577 17.6354429361731 5.10614964185977 -12.512368279794 12.182212032958 0 0 0 29.9249917896447 2.61744556603557 5.04589111232129 40.6599946381219 0 0 0 0 0.690462766831434 -46.3256694003539 0 -15.749218303008 0 -22.3362693971075 0 0 -16.2625469143921 0 0 0 0 0 0 0 0 0 0 0 0 0 0 0 0 0 0 0 0 0 0 0 0 0 0 0 0 0 0 1 0 -400.269303678616
0 0 0 0 -46.369024548094 0 0 0 0 0 0 -8.68817097490641 0 0 0 27.2053223280953 0 0 1.85207747659197 0 46.3530841823741 0 0 0 21.3795516504313 -27.3670781479227 0 0 0 0 8.18705718494793 0 0 0 0 0 0 0 0 0 0 0 0 0 0 0 0 0 0 0 0 0 0 0 0 0 0 0 0 0 0 0 0 1 448.87475691287
-2.21912575046191 0 15.1642763014276 -0.530688057858222 18.2913592369703 19.5106301460658 14.0815899673511 13.2152159715041 6.28178928151053 -13.1999356185148 25.8267436669454 13.3628452296956 9.08687358180369 17.6182181953371 -6.01017865720302 -17.7966604338653 22.7916925734243 9.40480048925452 -0.96904660794264 -17.9014363817672 -13.3593500567495 24.1534677050921 -13.8138083513113 -13.4988733006799 -5.78834011172512 6.67167718843747 -16.863234643726 -23.5219987802771 31.7171956895562 -20.0524904780256 -9.40066068886678 22.4927823500464 0 0 0 0 0 0 0 0 0 0 0 0 0 0 0 0 0 0 0 0 0 0 0 0 0 0 0 0 0 0 0 0 0
