0 0 -39.3013009354468 0 7.79116037070852 0 0 0 0 0 0 25.2543512412009 0 0 0 0 0 20.92971388135 27.0055807015931 -15.170353037214 0 0 0 15.8364617699128 0 0 8.0313103785811 0 35.8204425907732 -10.1378469167637 0 -32.6623681838549 1 0 0 0 0 0 0 0 0 0 0 0 0 0 0 0 0 0 0 0 0 0 0 0 0 0 0 0 0 0 0 0 286.246151847452
-35.2833935583527 0 14.8416296658617 0 0 29.7053824421819 29.0382119940876 0 0 0 0 0 -5.78884385541665 0 0 3.41057447342307 -49.1814171953543 -37.7395538289702 0 0 0 0 -19.9616883955777 10.5111246148378 21.4674642660624 -21.8606343334239 0 0 -7.05968107315285 0 -14.6183325699543 0 0 1 0 0 0 0 0 0 0 0 0 0 0 0 0 0 0 0 0 0 0 0 0 0 0 0 0 0 0 0 0 0 -569.67939683179
0 -1.79525114654598 0 -41.9136042536881 0 -16.5608162072004 -39.2217619402873 0 0 0 -25.6409520880946 11.0392551819505 40.7262283613666 0 27.8359177291826 6.69224313456571 -7.45816121781793 0 0 0 31.6497989804249 0 -21.0850873068805 0 0 0 -30.1891321761552 0 -7.57045982831726 -43.4100019394632 -31.5103542766413 0 0 0 1 0 0 0 0 0 0 0 0 0 0 0 0 0 0 0 0 0 0 0 0 0 0 0 0 0 0 0 0 0 -504.881836599072
0 -28.8464605754355 0 0 0 0 0 -21.6322281001911 0 35.2384816610388 0 0 29.1276991984153 0 4.06876091871412 0 -32.6830054729808 0 -47.8644378917859 0 0 0 0 0 0 0 0 -0.081155298185942 0 42.8156825967171 0 0 0 0 0 1 0 0 0 0 0 0 0 0 0 0 0 0 0 0 0 0 0 0 0 0 0 0 0 0 0 0 0 0 -330.633192173864
0 0 16.4627026578812 0 12.876155378547 0 2.26321398728241 0 0 -42.3337723779462 -32.5204775112053 0 24.7902598640971 0 0 0 4.5064303261273 37.8455141952822 0 19.650620462427 0 43.4173732680896 9.57831246925988 0 -23.134194080681 17.2663992544029 0 -17.1504645211102 47.0815658981336 -34.5199877348036 20.3935180061589 0 0 0 0 0 1 0 0 0 0 0 0 0 0 0 0 0 0 0 0 0 0 0 0 0 0 0 0 0 0 0 0 0 232.652100752221
4.97782724330555 37.5468193580024 23.4493476438824 0 0 0 0 0 -31.8586850376024 39.8114781194048 40.0380999455832 2.30661223138366 -29.2611413706513 20.4453181898893 -17.7323537942337 0 -34.3393230731909 41.5935656166975 -36.9112873936372 23.6910682453181 0 45.1478622539017 0 0 -1.78141191391484 0 0 11.1206135662618 25.0594355423025 26.6585034972242 0 0 0 0 0 0 0 1 0 0 0 0 0 0 0 0 0 0 0 0 0 0 0 0 0 0 0 0 0 0 0 0 0 0 598.721310398296
3.88424942566159 0 0 44.9631375955101 0 0 -21.6857375642949 0 42.3739094388112 -27.7531573396271 -35.7036599053697 0 -30.9721198969552 0 -20.0132618436339 0 0 0 12.8372135645459 8.92524587744846 -13.5901030335398 0 0 0 -47.116274270845 0 0 -34.3406846588922 -10.4431254250125 -45.9487802661982 0 0 0 0 0 0 0 0 1 0 0 0 0 0 0 0 0 0 0 0 0 0 0 0 0 0 0 0 0 0 0 0 0 0 -858.182897708851
33.5867078411489 14.873744229921 0 0 0 0 0 0 32.8862329614896 0 0 0 -3.81175901380205 0 6.38137531609807 0 23.283907828867 0 44.1101735258889 0 -6.33989234693121 0 0 0 0 0 -46.46712837598 -21.1276825000108 27.2691030958922 0 0 36.1764720254728 0 0 0 0 0 0 0 1 0 0 0 0 0 0 0 0 0 0 0 0 0 0 0 0 0 0 0 0 0 0 0 0 1255.17112500599
0.529187366146133 42.9818778233854 0 0 47.5157591524477 0 -19.6428676390213 -46.51258560113 -26.6913215526969 0 0 0 -24.3607778289645 29.507730363013 0 -22.4422151577388 0 0 0 0 -36.8295128501654 0 35.3987642276217 0 -46.8515405928661 0 0 -13.8910438604043 0 49.732627156074 0 -43.9135547697263 0 0 0 0 0 0 0 0 1 0 0 0 0 0 0 0 0 0 0 0 0 0 0 0 0 0 0 0 0 0 0 0 -978.232078614924
0 0 0 -41.0866619527248 0 0 0 0 -18.4187634770835 0 0 29.034906786477 -2.24639586128508 -34.8787138256168 0 -46.607390232041 0 0 0 0 -28.3438742848012 -38.4405662483763 0 9.7138806793808 0 -16.4774525850538 -15.4232382855925 -34.2543382835608 35.5075712571088 -27.1587352654386 -4.13448054608511 8.67859421455105 0 0 0 0 0 0 0 0 0 1 0 0 0 0 0 0 0 0 0 0 0 0 0 0 0 0 0 0 0 0 0 0 -933.881719457913
12.9868010672933 0 0 16.9779147470939 0 6.1033607134743 0 0 0 11.008901545173 0 0 -11.605003265846 -8.42447684528755 0 0 0 20.1253226376975 1.80685670234102 -27.7851330601022 0 -13.8452487832156 0 0 -36.5445910885667 38.6972122490469 2.78530209715052 0 45.7551399351779 9.84116057933278 -37.9101405331215 0 0 0 0 0 0 0 0 0 0 0 1 0 0 0 0 0 0 0 0 0 0 0 0 0 0 0 0 0 0 0 0 0 627.012393593586
-5.18721932208077 -5.63795123716111 -22.6209660083088 0 -35.7625767060218 0 0 0 -29.7403451756034 42.0759664749105 0 -44.1410613830352 0 0 -21.9400614866621 -18.2900675549713 0 -23.1714715061118 0 0 0 0 11.3226465031013 0 0 -37.716452821819 -1.42122002534119 0 0 0 0 -22.1849459367666 0 0 0 0 0 0 0 0 0 0 0 1 0 0 0 0 0 0 0 0 0 0 0 0 0 0 0 0 0 0 0 0 -1283.2991684997
-24.6876189554075 -32.2673458196336 0 -49.6492776618106 0 0 -11.674864521948 0 -32.2322335015362 0 0 -39.7306428767806 0 0 2.1616801272932 0 -21.2672163288219 -43.6435797588737 0 -19.748480184043 35.6606781305132 0 0 -20.374282234387 0 0 0 0 0 -35.2823510782295 0 0 0 0 0 0 0 0 0 0 0 0 0 0 1 0 0 0 0 0 0 0 0 0 0 0 0 0 0 0 0 0 0 0 -1638.78794849111
8.05407169846407 0 6.13375073068094 0 0 0 0 -24.0665161369871 0 0 0 0 25.2902834364798 -11.0081610628806 0 0 0 -16.1427540154944 -6.35094377035613 0 0 0 0 0 19.1567003740679 -30.871482102373 0 -10.9399510613324 0 0 0 0 0 0 0 0 0 0 0 0 0 0 0 0 0 1 0 0 0 0 0 0 0 0 0 0 0 0 0 0 0 0 0 0 -231.698910046431
20.2019700804945 0 0 0 0 0 -36.15077990602 -8.41740696118356 -43.1028349860647 -24.0120290583192 37.008665734844 0.633566561426757 -26.8959337212553 0 0 -38.6925298547224 48.0438325554825 33.3776734834669 45.4333862891524 -5.11704786009087 35.4635705631352 0 0 0 0 0 -17.754751839229 0 0 38.5593595116054 -1.85976161811753 -42.5395337573333 0 0 0 0 0 0 0 0 0 0 0 0 0 0 1 0 0 0 0 0 0 0 0 0 0 0 0 0 0 0 0 0 -230.133012941801
-42.7454783801837 38.1725504324525 -46.2267928425296 9.65123462056783 0 0 -39.6629442785032 0 0 11.6916535717178 -41.6857976030413 22.9793405091347 0 0 6.64846634448372 0 31.0436289989009 28.2741730198861 -45.4373926749462 0 -5.64480264395009 2.37422500066566 19.9472990411793 0 -42.543734543427 0 13.9663278966298 -42.6949523248246 0 0 0 -18.5445580111803 0 0 0 0 0 0 0 0 0 0 0 0 0 0 0 1 0 0 0 0 0 0 0 0 0 0 0 0 0 0 0 0 -864.435740156281
0 0 0 -47.2966533826112 0 0 -13.3807199846326 24.8228230972385 0 0 0 0 17.9455925760875 0 0 0 -1.731922737048 0 0 1.24824240963489 0 0 23.3661253870982 0 0 0 0 0 0 0 34.859306513612 0 0 0 0 0 0 0 0 0 0 0 0 0 0 0 0 0 1 0 0 0 0 0 0 0 0 0 0 0 0 0 0 0 -112.024249978816
0 16.3129128578842 48.3015079031237 0 0 0 -36.3463978894462 0 0 0 26.7293092797997 0 39.365769793308 21.2770404983018 39.9488873073589 22.0290557832626 0 0 0 0 0 42.7632103318955 0 -49.3169048068426 -2.39571693137736 32.2360398209521 -46.1637016318764 0 0 -14.9298229016801 0 0 0 0 0 0 0 0 0 0 0 0 0 0 0 0 0 0 0 1 0 0 0 0 0 0 0 0 0 0 0 0 0 0 800.035980353421
0 0 0 -13.1167145469947 0 0 0 0 0 22.045827463177 0 0 -49.6487849910682 0 0 0 0 0 27.0349212375043 0 0 7.41237952698063 0 0.575671695605828 -3.37480176218019 0 0 0 0 0 3.11112922900387 -38.4751490557251 0 0 0 0 0 0 0 0 0 0 0 0 0 0 0 0 0 0 1 0 0 0 0 0 0 0 0 0 0 0 0 0 -240.257920687943
0 31.4224168146146 0 -43.329693898036 0 0 0 -14.2989655998534 0 -42.3540778841097 26.6447849890868 49.8982833971489 -37.8226925283262 2.05701181695735 0 47.0286571952005 7.63632188418105 -8.87542880373278 0 0 -29.0290775910252 0 0 40.0272682522102 0 -7.10045341603551 0 -8.56758857715709 0 14.3191748205897 24.2084335127434 -22.555392167568 0 0 0 0 0 0 0 0 0 0 0 0 0 0 0 0 0 0 0 1 0 0 0 0 0 0 0 0 0 0 0 0 -386.892399407129
0 0 0 -24.9301957690518 0 29.8690317914162 -25.7603105899261 0 0 0 0 0 0 0 0 0 0 0 0 0 0 0 22.609956114124 0 0 0 49.1273447269128 30.2081081975649 0 -46.5562141658767 -10.3558185103748 -0.654918152043682 0 0 0 0 0 0 0 0 0 0 0 0 0 0 0 0 0 0 0 0 1 0 0 0 0 0 0 0 0 0 0 0 203.935432426686
29.373510810504 0 40.5920362259451 0 -9.4240060959394 0 0 0 3.78672155733457 7.81720788413085 0 0 0 0 -22.9488731997795 0 0 0 0 37.3086805794381 0 -19.1316323549207 33.6947645160642 0 22.2940145881742 0 0 27.4721449337856 0 0 -39.9105179769294 -34.3147014815242 0 0 0 0 0 0 0 0 0 0 0 0 0 0 0 0 0 0 0 0 0 1 0 0 0 0 0 0 0 0 0 0 647.310865850434
0 0 0 0 -41.6781367060235 0 -45.3759579629074 -27.2053595329691 0 0 0 -5.29736844540214 0 0 13.6044726177021 0 0 -29.5918167095835 44.8561785737194 0 0 0 0 -41.7659810799711 39.5661975536855 0 0 -42.781437892412 -27.9004861161598 0 0 0 0 0 0 0 0 0 0 0 0 0 0 0 0 0 0 0 0 0 0 0 0 0 1 0 0 0 0 0 0 0 0 0 -886.751395021603
0 0 0 5.38235725384268 -11.2596859751841 0 20.5761640598406 0 0 0 0 1.92183520787443 0 41.1413992943069 -11.1870618296061 0 0 0 0 0 0 0 9.8217901802245 -12.4765298882086 0 -42.2681217540847 0 5.5624770939404 0 0 0 -29.7054882338937 0 0 0 0 0 0 0 0 0 0 0 0 0 0 0 0 0 0 0 0 0 0 0 1 0 0 0 0 0 0 0 0 -260.460966068297
0 0 2.62630134901002 0 0 0 -14.7243973140329 0 0 2.32174766670658 0 0 0 6.87810160279381 -12.7580081080999 0 47.8445883174628 0 -35.1351936212544 0 0 31.1200386342325 -22.6532105912771 0 25.4961270036537 0 -1.90479950251329 0 0 0 -45.6467928275995 -32.8203245221518 0 0 0 0 0 0 0 0 0 0 0 0 0 0 0 0 0 0 0 0 0 0 0 0 1 0 0 0 0 0 0 0 10.6170064410631
-46.0485773808854 0 0 21.2352125409058 0 0 0 -38.5688853583813 0 0 -34.0281476522638 -27.4873685261225 -32.5640672036778 0 0 0 0 -9.03222366017846 37.2273650506273 0 0 0 36.1732987643965 0 0 0 25.3856786505085 -14.5771209900581 17.7745986066667 0 0 24.227963010507 0 0 0 0 0 0 0 0 0 0 0 0 0 0 0 0 0 0 0 0 0 0 0 0 0 1 0 0 0 0 0 0 -318.786339893508
38.0344445352504 0 27.7411011519532 37.1417233819199 -38.263787448824 -18.4984046010594 0 0 24.7017420758587 0 -47.8268806444957 0 0 0 -41.6510683346809 -31.1180050201059 0 8.19811484162213 0 -13.1078877650509 14.6494181285096 0 0 -46.2266635607943 0 0 0 0 0 0 0 0 0 0 0 0 0 0 0 0 0 0 0 0 0 0 0 0 0 0 0 0 0 0 0 0 0 0 1 0 0 0 0 0 166.232843172028
2.62642055575626 28.1840106306834 0 0 0 49.0733727043451 0 0 0 0 0 -4.36422143914536 0 -49.8644582504612 0 28.8126362086287 -18.7641601573136 0 0 0 -27.3549049879528 0 0 0 49.3769130248842 0 0 0 0 -43.2809703951294 -46.6760070463852 0 0 0 0 0 0 0 0 0 0 0 0 0 0 0 0 0 0 0 0 0 0 0 0 0 0 0 0 1 0 0 0 0 368.392143944035
-49.6563112203852 -24.7365501226941 13.1920259346799 0 -26.838946296939 -24.6009827891904 34.0841594086951 0 0 0 38.9320681840064 0 31.9412804907132 0 0 42.2792209039163 0 0 -33.7926512574445 0 0 0 18.165956145471 0 0 0 0 4.95848294928376 13.9450363284956 30.3663945726256 0 0 0 0 0 0 0 0 0 0 0 0 0 0 0 0 0 0 0 0 0 0 0 0 0 0 0 0 0 0 1 0 0 0 -217.163867381201
10.7196613336499 -34.6587567052909 27.2919133303578 0 38.036412262816 0 0 0 0 0 0 0 0 -43.8505601035442 0 -35.8563823488825 -0.0911910287773599 -22.463420400026 -4.36555488497024 -16.5461258624122 0 0 0 0 34.7555762765175 -43.0964751621151 9.38116504481711 -35.4718401558923 0 -20.1425621148725 0 0 0 0 0 0 0 0 0 0 0 0 0 0 0 0 0 0 0 0 0 0 0 0 0 0 0 0 0 0 0 1 0 0 -495.179637905926
0 32.3490740485427 0 0 0 42.6153549921288 38.3449443576852 0 0 0 0 24.6167484709369 43.6790100277966 -22.2408390808297 0 0 -37.4439212636274 0 0 -44.4346321448344 0 43.03052320862 0 0 0 0 0 -36.0445738196009 0 0 0 49.3105453053284 0 0 0 0 0 0 0 0 0 0 0 0 0 0 0 0 0 0 0 0 0 0 0 0 0 0 0 0 0 0 1 0 569.570168991868
0 -43.7861900714618 26.751144112263 0 0 21.0289161724129 0 0 0 0 -28.3520550897678 0 0 0 22.0875706615861 0 -38.4908793496715 0 -38.0136884227296 0 0 38.3394601475668 0 0 0 0 -34.0435451540566 0 0 -15.3900250369885 0 0 0 0 0 0 0 0 0 0 0 0 0 0 0 0 0 0 0 0 0 0 0 0 0 0 0 0 0 0 0 0 0 1 -432.876841705082
0 0 0 29.3573798594321 5.62608666471488 -26.9405511257672 0 22.1877868191332 0 1.52797550091928 19.3332061908966 0 -19.6355088006468 0 -35.0574264831689 0 -41.1396339243907 0 0 -47.0832581775939 0 0 0 0 34.7290382260788 0 0 0 18.4492881458868 0 29.9684271334885 0 0 0 0 0 0 0 0 0 0 0 0 0 0 0 0 0 0 0 0 0 0 0 0 0 0 0 0 0 0 0 0 0 109.830137523278
37.4212445386631 0 -49.8271612572409 0 -14.9428610282723 -7.73326863076282 38.1686757742955 0 0 0 25.3381559057462 -14.1617736897624 27.4783054016454 0 0 0 0 0 0 0 25.9254619425402 0 -22.8694764156285 0 0 0 0 -49.0638556239371 29.3120953351642 34.2964817339602 30.942086864988 20.6847282471377 0 0 0 0 0 0 0 0 0 0 0 0 0 0 0 0 0 0 0 0 0 0 0 0 0 0 0 0 0 0 0 0 371.898552265672
0 0 -43.6565998864209 0 0 20.6025202936024 -37.8622880744653 0 9.47859660256474 -7.33843936698632 0 -45.578052739568 0 19.8142680501492 0 0 0 0 26.1856526701461 0 30.6388690215852 0 46.4614913360536 -29.1781313700032 -30.0211886687297 0 0 0 0 0 39.3729203007562 0 0 0 0 0 0 0 0 0 0 0 0 0 0 0 0 0 0 0 0 0 0 0 0 0 0 0 0 0 0 0 0 0 -308.678497603021
-26.144495922207 0 0 0 0 0 30.0892310677536 -14.3712468058616 -2.71291393455245 31.3825974996957 20.3290162871429 0 0 0 0 -29.8554858438733 0 0 45.5161634162883 0 0 0 -48.883001778332 7.15825526933782 -45.3546204575127 0 -22.3158249449107 0 0 0 0 0 0 0 0 0 0 0 0 0 0 0 0 0 0 0 0 0 0 0 0 0 0 0 0 0 0 0 0 0 0 0 0 0 -601.286342092901
0 17.1209712512674 0 -7.9676578216192 0 46.4600259564581 -23.3819530055479 0 0 -25.2712497167971 -48.2765179800598 0 0 0 0 0 0 12.719458574428 -1.77851548976474 -2.99741087621664 43.7354125799038 0 -8.4287160798317 0 0 -8.07962687913657 0 0 -13.6579962327561 -25.8666698863981 0 0 0 0 0 0 0 0 0 0 0 0 0 0 0 0 0 0 0 0 0 0 0 0 0 0 0 0 0 0 0 0 0 0 -63.3520127620748
42.8858325347598 0 0 0 0 0 0 -29.4545737085945 29.480934233155 22.2997799243022 0 0 0 -30.6075855902591 0 33.8448987141424 0 -47.0831658281215 0 -47.6386528310183 0 0 0 0 5.32708182392611 -34.6456639848212 0 0 -12.4958463406476 0 0 0 0 0 0 0 0 0 0 0 0 0 0 0 0 0 0 0 0 0 0 0 0 0 0 0 0 0 0 0 0 0 0 0 188.67646044538
28.4397793021623 0 27.1177729017836 44.2181340257286 0.445198637864008 0 0 26.5481192702215 0 12.4221000070479 -21.2310114922667 -1.76583966400042 0 0 0 0 -9.23196572949231 0 -18.1157974902233 -4.251992641999 49.7675382840666 -44.1781085900239 0 0 3.88327632121099 0 0 0 41.538972447236 31.8812237730312 0 0 0 0 0 0 0 0 0 0 0 0 0 0 0 0 0 0 0 0 0 0 0 0 0 0 0 0 0 0 0 0 0 0 1651.48720301132
13.7704414519303 0 0 0 0 0 0 0 0 0 35.0610539821089 39.4770900192264 -3.30187442508478 0 0 0 17.9930982817435 0 23.8434004390393 -43.9555285000816 20.8646244233017 0 0 0 0 4.35954329279333 0 0 0 0 39.4797642735129 0 0 0 0 0 0 0 0 0 0 0 0 0 0 0 0 0 0 0 0 0 0 0 0 0 0 0 0 0 0 0 0 0 864.836624357562
0 -26.7442132981188 0 0 0 -47.2999350265574 -33.1635544972726 -1.13190408917839 36.1644332505906 0 0 0 0 0 39.7895992492952 0 0 -49.6943501920552 0 -47.4015393964126 0 0 0 0 -10.7369693928643 -16.9903700265366 0 0 0 0 13.3052568041194 0 0 0 0 0 0 0 0 0 0 0 0 0 0 0 0 0 0 0 0 0 0 0 0 0 0 0 0 0 0 0 0 0 -409.404586405322
-30.929509299135 -20.4675985169835 0 0 0 0 0 0 0 0 0 27.8062529411809 0 48.3691726542212 2.90603595403779 0 0 0 0 35.7855582738271 0 0 0 -24.1971846443974 0 2.95693616169126 0 0 0 -39.88041764603 0 0 0 0 0 0 0 0 0 0 0 0 0 0 0 0 0 0 0 0 0 0 0 0 0 0 0 0 0 0 0 0 0 0 -36.623054801726
-7.66467613677738 -35.5155146906799 -9.95883487423456 0 0 0 34.7242045954899 0 0 0 0 0 -39.8843854865756 0 0 0 0 0 20.7915081785666 0 0 7.2183668559095 0 0 0 15.2726916082691 0 30.5833930296151 0 -19.0953008217388 0 0 0 0 0 0 0 0 0 0 0 0 0 0 0 0 0 0 0 0 0 0 0 0 0 0 0 0 0 0 0 0 0 0 178.887242560535
0 0 -38.2260105189226 0 0 -40.3890905637837 0 0 0 43.3837107797442 0 0 0 0 0 0 7.20199250698578 0 34.0419782526911 0 0 0 0 10.4381561837009 -12.0019725456666 40.0362085295365 0 0 -4.31402052041615 11.0739871960565 41.688345978971 0 0 0 0 0 0 0 0 0 0 0 0 0 0 0 0 0 0 0 0 0 0 0 0 0 0 0 0 0 0 0 0 0 381.350019035582
27.0088262052094 0 13.6251045050869 0 0 -30.0419087908225 0 0 25.7436548575889 0 0 0 -49.022272082946 0 0 29.4640048343004 21.2403084075594 0 8.80168689796184 0 -5.91111866903422 -49.6325053455496 0 0 0 0 24.0279541143216 0 0 -14.2935691421772 0 26.3639424188654 0 0 0 0 0 0 0 0 0 0 0 0 0 0 0 0 0 0 0 0 0 0 0 0 0 0 0 0 0 0 0 0 718.191162684557
0 0 14.2535244792317 19.2762976555447 21.8030589664827 26.4328069404387 0 -32.6456734577671 34.1924137658126 0 -5.21050158769095 0 0 0 -30.637264427895 -46.1532598715537 38.3299554864142 48.6715795029861 0 0 0 0 0 0 0 0 0 44.7667728902647 22.5087172505515 -44.993495271215 -2.3321811413833 0 0 0 0 0 0 0 0 0 0 0 0 0 0 0 0 0 0 0 0 0 0 0 0 0 0 0 0 0 0 0 0 0 1031.73161772801
0 -29.1085121166507 0 0 0 0 41.8721752184512 0 0 -42.3380972986428 42.4350967514612 0 0 26.2219234805915 22.9311358982786 -7.93832484796699 15.141400296534 0 3.1500601125423 0 -8.89642001412868 0 0 0 0 0 15.0112137755866 0 21.0806439171976 38.2356510880761 13.5398999798975 0 0 0 0 0 0 0 0 0 0 0 0 0 0 0 0 0 0 0 0 0 0 0 0 0 0 0 0 0 0 0 0 0 364.544225787496
-34.3197331803058 -35.6467961790263 0 35.9911720338003 0 0 -7.35204556843709 0 23.1913617707513 0 -0.970332365574367 0 0 0.632165016230057 1.79968911153344 45.5622697763319 38.2240888207528 0 0 42.9790940247045 0 0 0 0 0 0 0 22.5655455896184 0 18.0551308026029 0 0 0 0 0 0 0 0 0 0 0 0 0 0 0 0 0 0 0 0 0 0 0 0 0 0 0 0 0 0 0 0 0 0 709.043586427226
0 38.350495836083 41.4892159747755 -4.31301763955113 0 0 -9.77104630140106 0 0 -38.6991110787163 0 0 0 0 0 0 -31.3719278062432 0 0 22.6369085380706 0 -34.7794471522614 -45.9863254301838 0 40.833491722417 0 27.6888062626328 0 0 0 0 4.03308688961489 0 0 0 0 0 0 0 0 0 0 0 0 0 0 0 0 0 0 0 0 0 0 0 0 0 0 0 0 0 0 0 0 7.27668875540068
-14.4690330051516 17.0256802341655 0 0 -14.1376298162916 0 0 -33.8188810052244 -46.9017718229508 0 0 0 40.3867115091022 16.2200162322475 -26.4783566082858 -48.8196576264914 0 6.60482759106088 -43.6486702276489 0 26.5530714066275 0 8.55333936222262 0 0 0 0 0 0 0 0 0 0 0 0 0 0 0 0 0 0 0 0 0 0 0 0 0 0 0 0 0 0 0 0 0 0 0 0 0 0 0 0 0 -896.01839730838
47.7119239430609 0 0 0 30.9077781423191 0 -3.2510763306139 0 10.7489977892105 0 0 -8.34108027152527 4.5386838740506 9.80149448908367 0 6.93057975820098 0 0 0 23.3400001737465 0 8.96385896317713 0 0 49.0504721014407 0 0 0 0 0 0 0 0 0 0 0 0 0 0 0 0 0 0 0 0 0 0 0 0 0 0 0 0 0 0 0 0 0 0 0 0 0 0 0 1245.50694367991
0 0 0 0 0 0 0 0 0 0 -26.1336746104664 0 0 23.6313797692764 0 0 30.849013593954 0 0 0 0 0 0 39.3690368637956 0 0 0 0 0 0.90663100264109 0 -26.9516395195991 0 0 0 0 0 0 0 0 0 0 0 0 0 0 0 0 0 0 0 0 0 0 0 0 0 0 0 0 0 0 0 0 160.130143181021
0 0 35.7918297443248 0 -38.1942271654451 -5.99634693405321 -42.1373852556732 0 0 0 0 0 0 0 0 0 0 0 0 0 0 0 0 23.5010611710525 0 0 0 0 0 48.4338618585624 -18.4746321572933 10.4170494729231 0 0 0 0 0 0 0 0 0 0 0 0 0 0 0 0 0 0 0 0 0 0 0 0 0 0 0 0 0 0 0 0 -206.627989237718
0 0 0 0 0 0 0 0 0 -14.1070417957763 0 4.86000776228018 17.1655496717387 0 7.26230674925705 0 -3.80849532379378 28.6907274651697 0 23.7458762316738 0 0 0 0 0 0 -42.8537095400366 0 -26.5815815405815 17.6056245127921 0 0 0 0 0 0 0 0 0 0 0 0 0 0 0 0 0 0 0 0 0 0 0 0 0 0 0 0 0 0 0 0 0 0 -254.468419430543
0 0 0 0 -48.0606483279103 0 0 0 0 0 15.8509719756437 0 0 -16.9937684269844 47.0439859848687 0 0 0 0 20.9487410607465 0 0 0 0 0 0 0 27.4339080988995 5.19895294299545 22.5610334570757 0 0 0 0 0 0 0 0 0 0 0 0 0 0 0 0 0 0 0 0 0 0 0 0 0 0 0 0 0 0 0 0 0 0 442.945407372778
0 12.4088419995345 -14.7719554640379 45.5951832191239 0 0 47.6945886853452 0 -22.6163549781631 0 0 -49.909992463316 -24.539139740336 0 0 0 10.502247151784 30.5605758736812 0 17.0302605426426 0 0 0 0 29.1311885711277 0 -45.7350215471072 -45.217274170029 -44.4463131581208 41.021241223195 -25.3876240746757 0 0 0 0 0 0 0 0 0 0 0 0 0 0 0 0 0 0 0 0 0 0 0 0 0 0 0 0 0 0 0 0 0 -406.986740987457
0 4.55594506562045 -11.7301610664499 28.4216321608479 0 -17.9410646737939 -6.00953491831033 0 -19.5948110583085 0 22.1114252191011 0 0 0 0 4.02834429476498 3.05443000607367 0 0 -45.6375200139902 0 -6.40435218462906 0 0 -39.3264660226122 0 0 0 -28.6079152128337 0 -29.339969650083 0 0 0 0 0 0 0 0 0 0 0 0 0 0 0 0 0 0 0 0 0 0 0 0 0 0 0 0 0 0 0 0 0 -773.488277768549
42.3898268211927 41.5978411427115 0 0 0 -22.6506049098208 -26.5173892178356 35.8703059404412 0 0 -44.8012518942337 0 34.2713741906718 0 0 0 -28.6847633002025 44.0991448654309 0 0 0 3.62834130977321 0 0 0 42.6237693646678 0 0 0 0 0 0 0 0 0 0 0 0 0 0 0 0 0 0 0 0 0 0 0 0 0 0 0 0 0 0 0 0 0 0 0 0 0 0 835.297567550975
0 0 0 0 0 0 33.4349904472764 -32.3876521290934 0 43.8158004518867 15.4506434439583 7.43174730278026 15.240684457571 0 0 2.91274739671994 0 0 0 0 0 0 -32.319186161749 0 0 0 0 -13.4107469231432 9.74065198498318 40.3343979773978 31.323554143041 -42.9669953874279 0 0 0 0 0 0 0 0 0 0 0 0 0 0 0 0 0 0 0 0 0 0 0 0 0 0 0 0 0 0 0 0 69.0353423513307
0 0 0 37.2844066220679 0 1.0926114628985 0 0 0 -42.5127096412454 0 0 48.1563077618864 0 -38.3729228300245 0 0.7241545536806 31.7302372626042 4.6879465477554 -38.5335614001563 37.8867555400406 0 -46.7842064604115 0 0 -30.6604244568449 0 0 0 0 0 0 0 0 0 0 0 0 0 0 0 0 0 0 0 0 0 0 0 0 0 0 0 0 0 0 0 0 0 0 0 0 0 0 -441.434996383677
-0.943490347190656 -15.0759659244843 0.677229958673364 -20.1067458053802 20.2001344791537 0 0 0 0 8.1088051575844 0 26.554900897978 29.10935604386 0 29.8955793995145 -13.2923142041413 0 0 -44.824074395421 0 -25.7778459345591 -11.9040133547875 0 -47.9861018460055 0 0 13.4272538457565 0 -38.6173598019685 23.7656411598606 0 -49.1164482286942 0 0 0 0 0 0 0 0 0 0 0 0 0 0 0 0 0 0 0 0 0 0 0 0 0 0 0 0 0 0 0 0 -689.955075105065
38.4664564324997 -27.3732565269455 0 0 0 0 0 0 0 0 0 0 0 37.0344554137301 -1.70881079723453 0 0 0 0 0 0 -19.6953244057825 0 0 -29.4684313654792 4.01625696350755 0 0 0 0 15.5300394892248 0 0 0 0 0 0 0 0 0 0 0 0 0 0 0 0 0 0 0 0 0 0 0 0 0 0 0 0 0 0 0 0 0 51.6677203104512
-8.24256866775649 0 0 -20.2833368484758 0 -12.2334755149564 0 0 2.96013437848293 0 0 0 25.3616081948631 1.41680515717308 49.926872843762 -49.6384968659281 0 0 0 -26.8666388146246 0 0 0 0 -16.1653362265463 0 0 0 0 0 0 0 0 0 0 0 0 0 0 0 0 0 0 0 0 0 0 0 0 0 0 0 0 0 0 0 0 0 0 0 0 0 0 0 -244.817985496662
-3.3482292655639 0.0813256862851719 0 0 39.8962980141314 0 0 -41.3282937192269 0 0 0 4.04145370664634 0 0 0.832413880529603 0 0 -31.7426106203085 2.38959599707246 0 0 -18.0121087119768 0 -40.4787151751381 0 0 2.19700584545827 0 0 36.5917633127584 0 0 0 0 0 0 0 0 0 0 0 0 0 0 0 0 0 0 0 0 0 0 0 0 0 0 0 0 0 0 0 0 0 0 -97.9034506564925
21.4438325526907 5.23320611613514 45.059849790673 0 -28.1799852758986 0 0 0 10.9416273153307 27.9853424161493 0 0 13.2024794704945 0 30.4485662041354 0.527426562665079 0 0 0 0 32.7978028728732 -40.8510603834813 0 0 -19.4631881979906 -19.3373128234804 0 -1.84594704540804 -47.5170686326437 -18.8138814506329 -26.4832148118686 25.3748357481157 0 0 0 0 0 0 0 0 0 0 0 0 0 0 0 0 0 0 0 0 0 0 0 0 0 0 0 0 0 0 0 0 367.700204202746
0 0 0 0 0 -11.5075976889763 0 0 16.9888923907506 0 0 36.1612720157552 0 -23.8887898565948 0 34.2538024023449 33.300327897503 0 -44.2339870408439 0 23.6321040321575 0 0 0 0 0 -14.19965237835 0 0 39.6916559974311 0 0 0 0 0 0 0 0 0 0 0 0 0 0 0 0 0 0 0 0 0 0 0 0 0 0 0 0 0 0 0 0 0 0 752.724917039696
0 0 -14.1318960717141 21.9904513440913 8.14086127571368 0 43.3387186905024 0 0 0 0 26.3490623950228 0 0 -24.3750002580447 18.46193606848 40.2784225670306 0 -42.0601760501919 -47.9125273229052 -46.9336015491721 0 37.1247776618446 0 -30.6551011897533 45.08152655991 0 0 0 15.8870426276599 39.3798283728399 0 0 0 0 0 0 0 0 0 0 0 0 0 0 0 0 0 0 0 0 0 0 0 0 0 0 0 0 0 0 0 0 0 603.566276836613
0 0 0 0 -21.6430269618844 -13.4106288982463 0 21.6976443585568 0 0 0 43.7988257274673 0 0 -15.7763128196959 -39.2448119366521 0 31.1566102192015 0 0 -0.0883858625471134 0 0 0 0 -8.30558899976717 0 -24.7753183107031 -12.5162334634827 10.133693317571 0 0 0 0 0 0 0 0 0 0 0 0 0 0 0 0 0 0 0 0 0 0 0 0 0 0 0 0 0 0 0 0 0 0 -343.565630758777
0 -12.4082883662599 0 0 0 0 0 0 0 0 0 0 0 15.6274319915354 0 43.8922735744873 0 31.669564934314 -44.5358208550342 15.6471903579477 0 0 0 -18.8418167025711 0 -0.253000263539438 0 0 0 1.10564314947277 0.392575366198544 17.0443579488781 0 0 0 0 0 0 0 0 0 0 0 0 0 0 0 0 0 0 0 0 0 0 0 0 0 0 0 0 0 0 0 0 210.944501181566
-9.50715881564579 39.0915280544452 0 0 -25.6388802880448 42.6468415901329 -3.12237595000565 0 0 6.36936614253222 0 -23.8877778446144 0 -22.6739490484328 35.147743744519 0 0 0 -42.3424871324843 5.72768947537239 0 -0.959713711699162 0 -43.875411374517 0 0 0 0 0 47.1038662899314 0 0 0 0 0 0 0 0 0 0 0 0 0 0 0 0 0 0 0 0 0 0 0 0 0 0 0 0 0 0 0 0 0 0 229.572826846073
0 0 -5.02657975327536 24.5479289196628 -17.5682978343901 0 0 0 0 0 0 0 0 0 13.3613216746539 -15.6242461142616 0 -46.6297836809714 0 0 -42.5154363836933 0 0 0 0 0 0 -32.4434128596276 0 47.0765277209474 0 -35.660729956894 0 0 0 0 0 0 0 0 0 0 0 0 0 0 0 0 0 0 0 0 0 0 0 0 0 0 0 0 0 0 0 0 -734.763865291634
39.8680955220216 0 -27.4779497808957 0 16.6363417105232 0 0 -37.8947374029134 21.0493465997978 0 -26.0387691437952 -0.495517395676737 -16.1278300391826 0 -0.467391529081951 -13.0224252995021 -15.1475613795324 13.6861205292172 -34.8631354119837 0 4.70587865769156 0 0 6.34867810049883 0 0 27.1042607312649 18.5467931241294 0 0 0 0 0 0 0 0 0 0 0 0 0 0 0 0 0 0 0 0 0 0 0 0 0 0 0 0 0 0 0 0 0 0 0 0 199.684455772142
0 0 0 0 0 0 42.804055423924 0 0 0 0 0 0 0 -43.6973582984262 5.59049861506349 -9.91243048415587 19.4235249158083 0 0 -21.5319459375541 0 6.73052774190029 0 0 0 -12.7616215778673 0 -17.762985944021 0 0 0 0 0 0 0 0 0 0 0 0 0 0 0 0 0 0 0 0 0 0 0 0 0 0 0 0 0 0 0 0 0 0 0 -464.739810344971
38.1730434030195 0 10.7722909168351 0 -24.7971873884193 0 0 -29.7433201296674 0 0 0 0 0 -20.2595290122569 0 0 0 0 0 0 0 0 -35.3201174806951 0 0 0 0 0 -11.3507511783078 0 3.49586950189991 0 0 0 0 0 0 0 0 0 0 0 0 0 0 0 0 0 0 0 0 0 0 0 0 0 0 0 0 0 0 0 0 0 -278.885792617957
0 0 0 -8.04213459331427 41.3984079285828 0 0 0 0 0 0 0 8.85112546903238 18.7159921297521 0 0 -26.0315229943804 0 0 0 -32.2062871168781 -7.29066488762425 -26.5678035786923 -24.131611550207 0 0 42.2445693339454 0 0 -26.0706177596797 0 0 0 0 0 0 0 0 0 0 0 0 0 0 0 0 0 0 0 0 0 0 0 0 0 0 0 0 0 0 0 0 0 0 -280.714854398528
-28.995020042717 0 0 0 0 0 -47.2438870320029 0 0 0 0 9.72498958161 0 0 37.1443137708809 -23.3637121426759 2.49365132898179 11.2768944434063 12.5762093564274 0 -46.0066114090654 0 0 0 46.9527099446241 0 0 1.01508667309653 0 -20.1084647272679 0 0 0 0 0 0 0 0 0 0 0 0 0 0 0 0 0 0 0 0 0 0 0 0 0 0 0 0 0 0 0 0 0 0 -84.2975780217397
9.58522412094065 -44.7043624702767 0 0 20.4495328792031 -32.5518874744799 12.8717505751285 0 43.4757798671483 0 0 0 0 0 0 0 -37.2151554361897 17.5325770974043 22.2997603575859 0 0 0 -33.2964398700266 0 0 -19.3695352638306 -27.9698704179744 0 -19.1948933372112 0.524049501914148 0 2.66184023596765 0 0 0 0 0 0 0 0 0 0 0 0 0 0 0 0 0 0 0 0 0 0 0 0 0 0 0 0 0 0 0 0 -620.307765795284
0 0 0 -34.8282748190564 0 -4.57633948730067 0 0 -38.3908746797721 -26.0013766031355 0 0 0 -24.7256307409556 0 0 -7.81573726877539 0 0 43.6025784917278 -15.4712462104086 0 0 48.1615268668591 -16.4012590998475 -39.3465500331255 -3.06037268449885 0 -11.8811263032537 0 -4.15056791367256 28.7575860947086 0 0 0 0 0 0 0 0 0 0 0 0 0 0 0 0 0 0 0 0 0 0 0 0 0 0 0 0 0 0 0 0 -1283.3529058253
0 0 -37.6932329230748 -21.5010754974049 -7.45997383067846 0 15.2331841183846 0.593236525662755 -14.5744203472251 -41.4417907942547 0 0 14.8814083443367 41.6091579819698 0 -12.2316752436396 0 0 0 -9.06180338640059 0 44.0394020860579 26.5106789122545 34.2394082988012 45.2691147035366 0 0 0 8.06277883458817 -36.0246970744359 -16.7259708437741 -4.81374782592493 0 0 0 0 0 0 0 0 0 0 0 0 0 0 0 0 0 0 0 0 0 0 0 0 0 0 0 0 0 0 0 0 -58.0586880729606
0 0 15.1868709151026 -8.81742165531372 -28.7951487874316 5.35602009949414 45.3091158446206 0 -4.0864182466918 0 0 16.9774411232436 0 0.166218239161109 27.6280596252942 32.4484733878509 -6.30547333762564 -30.5622734883231 0 0 0 0 0 0 0 0 -12.7123920267696 0 0 0 0 0 0 0 0 0 0 0 0 0 0 0 0 0 0 0 0 0 0 0 0 0 0 0 0 0 0 0 0 0 0 0 0 0 442.366053390765
-44.905204508588 -46.2185087297416 7.32960676913663 -7.60840694681186 0 0 18.8438771125701 0 0 0 0 0 0 -37.2377281469038 24.9032893874741 -14.3217326340091 0 -12.5537791152258 0 0 0 28.4011980428666 0 -0.696684347653687 0 0 0 -15.3153120249239 0 0 0 -13.871705721614 0 0 0 0 0 0 0 0 0 0 0 0 0 0 0 0 0 0 0 0 0 0 0 0 0 0 0 0 0 0 0 0 -916.765302572731
0 22.3779591305603 48.8780004121614 0 0 0 -44.3280838645467 -14.2795445098952 0 9.14370516390863 0 0 0 0 17.9065105130469 9.237049958856 0 -24.3504041201887 0 0 0 -24.2288807316919 0 0 0 -3.90374465809736 -23.3464741237645 18.8317602459258 -33.063051437229 0 0 0 0 0 0 0 0 0 0 0 0 0 0 0 0 0 0 0 0 0 0 0 0 0 0 0 0 0 0 0 0 0 0 0 -15.7791527783955
0 0 -25.0265556976841 21.5373139999778 0 0 10.6409730933794 -32.700342478186 0 0 0 33.0904137676542 34.4444084746926 0 18.6943227881908 2.9125994663562 20.7242579658173 0 -45.3640095603386 33.1818839955074 0 0 -48.8179077993509 0 -40.6738210179855 0 0 0 0 -28.0634748455433 0 -32.3976392809023 0 0 0 0 0 0 0 0 0 0 0 0 0 0 0 0 0 0 0 0 0 0 0 0 0 0 0 0 0 0 0 0 -388.43088430418
0 0 0 0 -24.0732495154924 0 33.3835269658667 -45.1594415105225 27.5739189657058 -19.6928878841771 0.332975447319539 23.3758189586808 20.8385116364829 0 -21.2713719286997 0 4.16797111329368 -0.321468735411568 0 0 0 0 30.3821320020405 0 0 3.62901277147183 0 13.3091696409009 43.463926021122 0 0 0 0 0 0 0 0 0 0 0 0 0 0 0 0 0 0 0 0 0 0 0 0 0 0 0 0 0 0 0 0 0 0 0 549.986672458882
0 0 -15.634071435134 -30.5025238693637 -11.688233479404 4.98459153045906 0 0 0 -23.0510250683787 0 0 0 -14.2163540657606 0 -44.1340400485262 43.9895014896843 -27.6295441959585 21.4907413422367 0 0 25.3378479835026 -34.9335757754668 0 0 8.59553772206219 0 -41.3190154409713 0 0 0 23.3777531189272 0 0 0 0 0 0 0 0 0 0 0 0 0 0 0 0 0 0 0 0 0 0 0 0 0 0 0 0 0 0 0 0 -692.035626465787
0 -3.78363431012168 0 2.14170131144205 -7.07316243301861 0 0 0 -17.7371704938136 47.0171480451517 37.3574767860771 28.2826863575301 0 0 11.1769350665229 -26.3808084541793 2.34543538868279 0 0 0 -2.37619928594481 0 -28.0342218519392 2.08837293255363 0 0 -25.7665394036133 45.1208041640709 0 -46.6101276391414 0 0 0 0 0 0 0 0 0 0 0 0 0 0 0 0 0 0 0 0 0 0 0 0 0 0 0 0 0 0 0 0 0 0 630.370621559587
-21.8972635299259 -37.5596232336448 0 0 -27.7539565934302 35.1854795603768 0 0 -20.3652044861647 36.8248188246952 0 0 34.6572988782576 6.8969407718511 0 0 0 46.5077913801454 0 -3.71852077742215 0 -40.9315313077142 0 35.1082996999647 0 0 -42.350870395999 41.1467541738458 0 -31.2728254081929 4.2385438407632 -0.972362146536598 0 0 0 0 0 0 0 0 0 0 0 0 0 0 0 0 0 0 0 0 0 0 0 0 0 0 0 0 0 0 0 0 76.2616928970218
0 21.6832082654837 -23.0434219071157 0 -37.466186325699 0 0 -30.0200476075692 0 -15.0354135511634 26.0535211529483 14.8455067154337 -34.2548403244165 -47.3012678999773 0 0 0 0 35.2964959218557 0 0 0 0 35.673239535258 -39.7313187947292 0 0 0 0 0 0 0 0 0 0 0 0 0 0 0 0 0 0 0 0 0 0 0 0 0 0 0 0 0 0 0 0 0 0 0 0 0 0 0 -822.77672219876
25.8959692927368 43.729163570761 0 28.8885181446108 0 0 -34.0615738811846 0 -30.0495710370491 0 0.429954939521804 0 0 0 0 0 0 12.0571701655749 22.2384966346722 0 0 0 0 0 0 0 0 0 0 14.1639066097925 0 -13.8491409849413 0 0 0 0 0 0 0 0 0 0 0 0 0 0 0 0 0 0 0 0 0 0 0 0 0 0 0 0 0 0 0 0 410.558189065372
0 0 0 0 0 0 0 0 2.7525622303451 49.7977076212821 21.9511626962719 25.2933592958704 36.9020875043242 0 0 -25.3832016713461 0 31.777725445622 0 0 0.547376835230218 12.284872765758 0 0 0 0 -2.13177041758261 -3.74369168631322 -20.4828908452344 0 -12.4276357241239 0 0 0 0 0 0 0 0 0 0 0 0 0 0 0 0 0 0 0 0 0 0 0 0 0 0 0 0 0 0 0 0 0 453.229745087182
-16.7514872852165 -41.6461926591873 -3.36347244871095 36.6872347898311 0 0 0 0 -1.93799163090913 0 0 4.03919828921794 0 39.8626032103464 0 0 0 35.3702587724498 7.31374651347336 0 8.40121613235224 0 0 0 22.8029601851937 0 0 0 0 17.93894192962 0 0 0 0 0 0 0 0 0 0 0 0 0 0 0 0 0 0 0 0 0 0 0 0 0 0 0 0 0 0 0 0 0 0 373.286500635381
-25.0464713318311 0 13.213298101362 0 0 0 -8.65185115469682 0 34.245634828456 -2.35201377727451 0 -1.94399649505725 0 -47.606492327279 0 0 0 -31.7078042251981 0 0 0 -48.7742911157414 0 0 0 0 -16.7847557839357 0 0 0 -31.7388107375591 0 0 0 0 0 0 0 0 0 0 0 0 0 0 0 0 0 0 0 0 0 0 0 0 0 0 0 0 0 0 0 0 0 -411.921057051253
0 0 29.1171534285352 0 34.9360293683811 0 -31.9331148027404 14.5856138207108 0 -38.9615261997315 8.2033226124204 0 0 -49.5240061982014 0 0 0 0 23.5355423382668 0 -15.5745835304786 0 0 0 0 0 10.7887905829893 0 -42.5707436970158 17.1446731935417 0 0 0 0 0 0 0 0 0 0 0 0 0 0 0 0 0 0 0 0 0 0 0 0 0 0 0 0 0 0 0 0 0 0 -634.495490514468
-27.281070614549 0 0 0 0 13.7302053337499 0 0 1.36220992532246 0 0 0 0 0 9.78742437632949 0 0 0 0 0 0 42.4084191100258 0 0 0 -1.49860664242408 0 0 0 0 -46.6189929166817 0 0 0 0 0 0 0 0 0 0 0 0 0 0 0 0 0 0 0 0 0 0 0 0 0 0 0 0 0 0 0 0 0 -136.802328303622
0 0 -41.5901482718089 0 0 0 10.8506600409815 6.52932738924139 -33.5527977213522 0 0 30.5430122417786 0 28.6764077271223 0 16.6116646138525 0 14.8217609047384 0 0 15.8267954780506 0 42.7597858524411 39.0350442343459 0 48.5988432602141 0 0 -29.666223518511 10.3844793626096 0 21.1082223837789 0 0 0 0 0 0 0 0 0 0 0 0 0 0 0 0 0 0 0 0 0 0 0 0 0 0 0 0 0 0 0 0 687.939453962013
0 2.09357086807025 -9.44446324141463 0 16.8396003008436 0 0 -40.50996352889 13.4226912769234 0 21.5653865108919 0 0 0 0 0 31.221685097918 0 0 0 -1.96889809377281 -21.3729841342799 0 0 21.7963808378315 0 28.5337672887537 0 12.6130567547078 4.88107792698644 0 0 0 0 0 0 0 0 0 0 0 0 0 0 0 0 0 0 0 0 0 0 0 0 0 0 0 0 0 0 0 0 0 0 536.659957724704
0 0 -15.5518148304567 13.7476814846705 -26.887075714696 0 0 18.0989585803734 0 -10.3547711051491 0 0 -17.2595511516597 0.588700904868078 0 0 -16.9173066361919 0 0 0 7.49801567732874 0 15.2585811480369 0 0 0 0 18.5152283867306 0 13.1360214328582 0 -44.3662600222997 0 0 0 0 0 0 0 0 0 0 0 0 0 0 0 0 0 0 0 0 0 0 0 0 0 0 0 0 0 0 0 0 -268.794593463206
0 -30.446145746746 0 0 0 -2.44938446187893 0 0 0 0 -35.6812064087617 0 18.2588535011473 0 0 0 0 17.6895567507439 0 0 0 0 38.9330140279239 0 -33.4189699357766 -44.3792477512754 28.6094997521724 0 23.5722084094365 27.3240758775902 -33.3100567647736 0 0 0 0 0 0 0 0 0 0 0 0 0 0 0 0 0 0 0 0 0 0 0 0 0 0 0 0 0 0 0 0 0 -356.602699728959
0 0 25.6204935779118 2.36002265487637 43.9335858820691 0 0 0 0 -0.661536895631698 8.84015314354902 5.41522023285514 0 0 17.4742879331889 0 0 0 0 0 0 0 0 0 0 0 0 0 -11.7335411828221 0 -17.4031830935357 0.551000470790297 0 0 0 0 0 0 0 0 0 0 0 0 0 0 0 0 0 0 0 0 0 0 0 0 0 0 0 0 0 0 0 0 449.816609932775
0 0 0 -9.62543264157014 0 29.4750272652226 37.2777381108029 0 0 26.8640338283497 10.621442909691 0 0 -34.2105527388319 0 -8.21999550090904 -49.625373733184 0 0 23.8568300274804 0 0 29.6916112484569 0 37.3035806229004 0 -2.83246588954899 -21.7841746773793 -14.206753375369 0 0 -6.03505535568785 0 0 0 0 0 0 0 0 0 0 0 0 0 0 0 0 0 0 0 0 0 0 0 0 0 0 0 0 0 0 0 0 90.7881081933837
22.1157669320713 22.2919073893559 0 1.92528580768195 48.4752497959868 1.19635012541556 0 1.50462802433975 40.2423935272397 0 -44.5430965995949 0 0 0 -38.3965184037338 44.5032801592657 40.214368677787 0 44.8769649501676 0 -18.6074658902946 -19.3841067254017 -45.0191963871674 0 0 34.5189865424272 -10.8839254399074 20.4899119998929 0 0 47.5473565931771 0 0 0 0 0 0 0 0 0 0 0 0 0 0 0 0 0 0 0 0 0 0 0 0 0 0 0 0 0 0 0 0 0 1428.13874888558
0 0 0 0 35.4473598628561 0 0 0 -0.611752159444257 0 0 -4.44748074746011 0 0 0 0 0 0 0 0 0 -0.581210486916761 -18.0386634913093 -44.0453765042859 0 0 26.2720760991985 0 11.326345394745 0 0 -5.47722556608717 0 0 0 0 0 0 0 0 0 0 0 0 0 0 0 0 0 0 0 0 0 0 0 0 0 0 0 0 0 0 0 0 171.547489397744
0 0 0 0 0 0 0 0 0 0 0 -4.5340467362103 0 0 0 0 0 0 -16.1092149682582 -13.1870122694787 -18.9691698655896 0 -16.1631668395607 44.8607510162958 0 0 0 0 0 0 0 0 0 0 0 0 0 0 0 0 0 0 0 0 0 0 0 0 0 0 0 0 0 0 0 0 0 0 0 0 0 0 0 0 -268.287385649054
0 29.7413226873731 0 -6.59626688212026 -16.274698964068 0 0 0 0 0 27.3725079433789 0 15.0112695837292 0 -1.83070738551622 0 -40.4575424091362 0 0 0 38.807229741497 -8.70233989786096 -7.45537896600578 -36.9382370083562 29.7861386899787 0 -17.9933666156332 0 0 0 42.6549057510118 0 0 0 0 0 0 0 0 0 0 0 0 0 0 0 0 0 0 0 0 0 0 0 0 0 0 0 0 0 0 0 0 0 241.058171924881
-46.2979189623438 0 0 13.0515795322446 -19.0526801347357 -13.2719903097572 0 0 -16.761531507464 0 -10.7337703720724 0 0 22.0005647068346 0 0 -4.4904996987395 -2.80754257504574 0 0 0 0 0 15.830445694679 -38.7721867472468 0 0 0 0 0 0 0 0 0 0 0 0 0 0 0 0 0 0 0 0 0 0 0 0 0 0 0 0 0 0 0 0 0 0 0 0 0 0 0 -980.156013386575
0 -9.89000568110993 0 0 0 8.173669342596 0 0 35.4821927877509 0 49.3801235416005 0 3.50228165014862 0 0 -24.3268257192094 -48.0133061323013 0 -3.04482016793995 0 4.16729213812514 0 0 0 -32.0103594021521 -22.4836173014746 0 0 0 0 0 -16.176532230892 0 0 0 0 0 0 0 0 0 0 0 0 0 0 0 0 0 0 0 0 0 0 0 0 0 0 0 0 0 0 0 0 -774.604750974474
0 0 -34.2354135100078 -12.8474723411587 -3.38974953621838 13.3628178888274 0 0 0 -13.5309826191341 0 0 0 26.3600442519481 0 0 0 0 -41.9707631573495 -24.3241129489976 0 14.4858160895331 14.9336003758252 45.9129939577516 0 0 0 0 13.1597152776755 0 -34.2296671635827 29.3167679612691 0 0 0 0 0 0 0 0 0 0 0 0 0 0 0 0 0 0 0 0 0 0 0 0 0 0 0 0 0 0 0 0 19.4376905429315
-14.9968262259925 0 8.24922833236258 0 0 0 -7.60555645769236 0 -2.10895378262402 19.7140215460192 0 -4.52340725971069 0 0 43.4849980820838 0 9.04065460141326 18.7831510852146 -13.9310335986054 -33.7077719196347 0 -28.2128144935907 0 0 0 -32.6991280467974 0 0 0 0 0 0 0 0 0 0 0 0 0 0 0 0 0 0 0 0 0 0 0 0 0 0 0 0 0 0 0 0 0 0 0 0 0 0 66.7238742589049
0 -9.51400508276735 0 0 0 0 10.0673749320805 0 0 -28.1473433410071 -14.1195931121857 38.8800556256627 -43.6475492720325 -45.5189896312678 0 0 0 -7.36645194395871 0 0 -49.9624581094382 0 0 0 30.3252942722377 0 0 0 0 0 -20.0784345349664 0 0 0 0 0 0 0 0 0 0 0 0 0 0 0 0 0 0 0 0 0 0 0 0 0 0 0 0 0 0 0 0 0 -310.359520651524
0 4.71835836003565 41.9323504314798 6.48402041286733 0 47.2937250556171 18.5951981359505 -17.1441884259561 0 0 0 28.1223629417329 -8.20820816595167 0 0 0 0 40.5771956726828 0 0 0 -46.1166531156775 0 0 0 -25.7630910478623 -6.50307037465878 0 0 0 0 0 0 0 0 0 0 0 0 0 0 0 0 0 0 0 0 0 0 0 0 0 0 0 0 0 0 0 0 0 0 0 0 0 526.095381908151
0 0 -30.7468281338976 39.3385980389102 42.604706990734 37.708763041981 -36.2305815743356 -24.4120148641571 0 0 43.5660465932267 0 -3.84836799136632 0 0 0 45.6014682345893 -40.6463566185297 0 23.2789560910481 0 0 0 -0.401502093349237 -5.33837364330092 0 45.4211848223513 18.683249020878 0 -12.1210384792636 -42.0142962294978 0 0 0 0 0 0 0 0 0 0 0 0 0 0 0 0 0 0 0 0 0 0 0 0 0 0 0 0 0 0 0 0 0 836.035064476827
0 19.1466935044368 0 30.0181057838602 24.6602336443778 -40.9413115495353 -48.7210329031051 0 0 0 49.3960966235842 0 11.3601584817102 0 -31.7772287507101 0 0 0 21.731805017068 0 0 0 0 0 0 40.4064645931532 0 0 0 -43.0098947184844 0 0 0 0 0 0 0 0 0 0 0 0 0 0 0 0 0 0 0 0 0 0 0 0 0 0 0 0 0 0 0 0 0 0 129.956352602854
32.764977916155 0 -10.1698096183105 0 0 24.674583250581 -15.5003741412817 0 0 0 36.4709133581829 0 0 -48.238007576266 0 0 0 12.8870481530143 0 0 0 0 0 0 1.66857857104286 0 0 39.955619290946 0 0 0 0 0 0 0 0 0 0 0 0 0 0 0 0 0 0 0 0 0 0 0 0 0 0 0 0 0 0 0 0 0 0 0 0 605.422206138837
0 17.0663955117055 -17.0311696173203 -21.1119096110635 11.9486332874948 -33.4559795105142 0 0 -29.337655617171 0 18.0701950314666 -19.4322614169383 0 0 0 0 -36.8427846000841 -16.1613901238267 0 0 0 -47.2833950104651 0 36.0863959534821 0 0 0.342663477861394 0 -18.6316968651921 36.4646567035241 -23.2056788719952 0 0 0 0 0 0 0 0 0 0 0 0 0 0 0 0 0 0 0 0 0 0 0 0 0 0 0 0 0 0 0 0 0 -1127.72235437975
0 0 0 0 0 -24.2822248505645 0 0 0 0 0 0 -47.3431813722067 0 0 -27.3673291303271 0 0 29.9978588952166 17.0152155830129 19.3600979663698 15.3993332851022 7.78542734043138 0 -8.82778107168805 -18.5252400448218 0 0 -2.67061016445536 0 0 0 0 0 0 0 0 0 0 0 0 0 0 0 0 0 0 0 0 0 0 0 0 0 0 0 0 0 0 0 0 0 0 0 -256.227774144159
6.04162844723407 0 0 -35.2791403836346 0 48.0491691280323 0 0 0 0 0 0 29.9900182706836 0 0 0 10.5753922434921 48.8626926647217 0 49.292606798208 0 46.2942550315497 0 0 12.6965771223548 6.3114084886097 -0.043515296275709 0 0 0 -30.7240746601471 0 0 0 0 0 0 0 0 0 0 0 0 0 0 0 0 0 0 0 0 0 0 0 0 0 0 0 0 0 0 0 0 0 515.450472131384
0 0 0 15.1864916398377 0 0 12.3477961337539 0 0 0 0 0 -45.2682816774984 0 0 0 0 -9.50084129879153 11.3432657807097 0 0 3.81475115238143 0 0 0 -2.84359069833617 0 0 0 -31.7140862388062 0 0 0 0 0 0 0 0 0 0 0 0 0 0 0 0 0 0 0 0 0 0 0 0 0 0 0 0 0 0 0 0 0 0 69.4296708966957
0 19.4958000389737 8.688422571737 0 0 14.5153027447693 0 0 0 -38.4307113663791 12.5814480892905 0 0 0 25.5059936162021 0 0 0 -27.3348164507871 0 0 0 8.90700270531659 26.2800598377644 0 0 0 0 34.6772876345302 -42.349224318978 -14.2203213840565 -38.6871272827306 0 0 0 0 0 0 0 0 0 0 0 0 0 0 0 0 0 0 0 0 0 0 0 0 0 0 0 0 0 0 0 0 86.4409463942827
-42.4220179771278 0 0 0 0 0 0 -33.0527799375164 0 -38.7188467846613 -28.2024037884406 0 0 0 16.4098350900693 -22.1921575222319 7.85056176974606 0 0 -29.6201771815554 0 0 0 0 0 0 27.5423285364978 0 0 0 -19.6035497745394 0 0 0 0 0 0 0 0 0 0 0 0 0 0 0 0 0 0 0 0 0 0 0 0 0 0 0 0 0 0 0 0 0 -941.581243994546
0 -20.3262151680744 -25.2171059198879 42.7527303468569 0 0 -20.551614694009 0 0 -18.3479693032946 0 0 17.6161046750739 0 0 -26.7966412691823 0 14.4896756508363 27.5182244112075 0 19.9645332475629 0 8.78764195498124 -36.0443754655308 0 0 0 -8.67761386561001 8.37517851112665 -11.8704794172001 0 0 0 0 0 0 0 0 0 0 0 0 0 0 0 0 0 0 0 0 0 0 0 0 0 0 0 0 0 0 0 0 0 0 -14.322315458195
0 0 27.4282824874992 0 37.7004405991817 12.3276160497548 0 0 6.58991153459748 0 0 3.78741867457379 0 -6.16589785619258 -16.5307252806091 0 0 0 0 0 0 0 33.3200018155628 0 0 0 0 0 0 0 0 0 0 0 0 0 0 0 0 0 0 0 0 0 0 0 0 0 0 0 0 0 0 0 0 0 0 0 0 0 0 0 0 0 487.235312929635
-22.6097989376031 3.55411872693114 0 -25.6609672869572 0 48.949793369104 22.2969360708767 32.2613494893828 21.6223033042884 0 19.7435657092711 0 14.3474908361298 0 -37.0128261614465 -13.3928325521085 0 0 12.2152742819716 0 7.89649927856096 0 49.7613929188675 0 0 48.0165807748062 32.5578134014369 0 0 0 0 0 0 0 0 0 0 0 0 0 0 0 0 0 0 0 0 0 0 0 0 0 0 0 0 0 0 0 0 0 0 0 0 0 764.424443488104
0 0 0 41.9959151151007 0 0 12.2734812634513 0 0 0 0 0 0 42.9192150406077 0.428540482566597 0 0 44.581677270053 42.9368035982888 0 24.4438957062293 0 0 0 0 0 0 0 0 -14.5768646512666 -4.02934990740114 0 0 0 0 0 0 0 0 0 0 0 0 0 0 0 0 0 0 0 0 0 0 0 0 0 0 0 0 0 0 0 0 0 929.387430199541
-36.0360780768688 22.5697752772081 13.020575645151 0 22.2545361449488 0 0 0 0 0 -43.5161991829625 -48.2755780753298 43.131022564899 0 0 3.6187469989046 -49.2930733694171 0 0 0 9.69138594722452 0 0 0 0 0 0 0 -31.8663264614859 0 0 0 0 0 0 0 0 0 0 0 0 0 0 0 0 0 0 0 0 0 0 0 0 0 0 0 0 0 0 0 0 0 0 0 -1002.15016245464
0 0 -37.9565565293279 -13.6655107910527 44.7326744659573 20.5827847613911 0 0 0 -5.42694825325407 0 0 -41.1702748133856 40.5473055881221 -45.8271539084524 0 -30.5345268331172 0 0 35.9487128295514 0 0 0 -8.0189005734642 -18.3473492055014 0 0 0 0 0 -43.4155556328297 0 0 0 0 0 0 0 0 0 0 0 0 0 0 0 0 0 0 0 0 0 0 0 0 0 0 0 0 0 0 0 0 0 -715.926672138455
0 0 0 0 0 -49.09528326648 0 0 0 0 -43.3594557182692 0 0 0 13.5849487031493 -34.9231267850089 0 0 0 -7.11941359437679 0 -2.63822285991241 17.2130778135751 -25.9012686109317 0 0 0 16.132691767326 -14.0248690484448 0 0 0 0 0 0 0 0 0 0 0 0 0 0 0 0 0 0 0 0 0 0 0 0 0 0 0 0 0 0 0 0 0 0 0 -297.349514793049
-44.5771131622191 0 -10.8359523937909 0 0 0 0 -25.0166979069816 0 40.3348606821112 0 -45.0946652682052 -47.4926107366877 0 49.1422186890902 0 35.7155275214998 0 0 -2.61445681735076 21.4487118333053 35.8327333354954 0 0 -29.9726510676877 0 -15.3225043758367 0 0 0 0 -31.3913327030871 0 0 0 0 0 0 0 0 0 0 0 0 0 0 0 0 0 0 0 0 0 0 0 0 0 0 0 0 0 0 0 0 -405.831773856731
0 0 0 0 12.3272889968536 0 9.15685830084634 0 -49.7158857131715 0 -10.8925221615664 0 41.0880096289085 -11.9153250179818 -22.6176492647405 0 0 0 0 -12.9484967701496 0 6.68705008376111 42.6008475624324 -22.9963999353716 24.1379801538877 -22.6849410262715 -29.9166018891325 27.8608998037827 -12.7199102780392 0 -22.3315695593407 0 0 0 0 0 0 0 0 0 0 0 0 0 0 0 0 0 0 0 0 0 0 0 0 0 0 0 0 0 0 0 0 0 -143.751584448544
-73.431481426848 118.231154664623 122.064084879794 34.9186288351406 -8.47985762662468 -7.59021457509921 -47.5407651120982 -63.5299831032381 23.6310052227985 9.17677255797428 -59.4069387934007 29.6265952919561 19.7566479229212 -11.5255818104814 44.0423927281331 68.2856491675645 -19.2295366253474 -20.5928772292903 -73.2725300836531 -79.5873333840568 -19.6105420258624 -42.2809464343865 49.7009924054342 -36.2070407602334 15.1576661962361 22.9008892910095 52.0419641654569 -57.9445848936017 2.27941293905659 1.31468622013071 16.1208770575618 36.3318846376329 0 0 0 0 0 0 0 0 0 0 0 0 0 0 0 0 0 0 0 0 0 0 0 0 0 0 0 0 0 0 0 0 0
