43.078832025136 6.67615973485258 -2.70222072557071 0 0 25.4845249045448 0 32.7630190535132 -36.0347190967669 -34.2028948279568 -26.8953723982749 0 0 0 0 -15.543302484689 0 35.5022752148229 0 0 0 0 0 10.9000125042822 -25.4201911374525 0 0 -42.4468696006502 -25.9711500065938 24.9966405616609 0 0 1 0 0 0 0 0 0 0 0 0 0 0 0 0 0 0 0 0 0 0 0 0 0 0 0 0 0 0 0 0 0 0 -209.71443264267
0 0 8.13036732679281 0 0 -45.077659634507 0 -6.88000271967312 -48.7584041279809 32.7575706208172 0 41.6294453577351 0 0 0 -13.3358134656225 7.25253665360235 0 -33.8597504234199 0 -6.60276916586402 -44.3792074902313 7.69406639291971 0 0 0 25.1808498489598 0 0 11.2590582560104 -3.88174754992489 -48.7113243661989 0 1 0 0 0 0 0 0 0 0 0 0 0 0 0 0 0 0 0 0 0 0 0 0 0 0 0 0 0 0 0 0 -678.636167183371
16.0130580103075 0 -11.7902637260466 0 -6.69096507929563 0 0 9.29408147206817 -36.9034188062459 33.3982319323727 0 -36.3212713926856 0 20.8180031795179 0 44.6346590516249 0 0 0 39.9067025931439 0 0 0 0 -1.18953407313183 -6.78466468216223 25.9838070682767 0 0 15.9203372527154 -1.17116039966888 34.4783336745041 0 0 1 0 0 0 0 0 0 0 0 0 0 0 0 0 0 0 0 0 0 0 0 0 0 0 0 0 0 0 0 0 498.160010125299
-37.1587912353198 0 7.44054533784834 0 35.1873537049058 -20.5633233501987 -32.434785572576 0 45.7948632936684 32.6478513081396 15.6424615489991 -45.1004213792606 2.37706157775444 -9.22159403256766 0 0 -0.771073192725791 -24.9753294648784 -14.8351487186921 44.8686890190532 -32.5934904216639 0 0 0 0 49.1794735202276 -2.90301285746299 -1.52582664829545 6.34221312336671 0 8.77290139812985 0 0 0 0 1 0 0 0 0 0 0 0 0 0 0 0 0 0 0 0 0 0 0 0 0 0 0 0 0 0 0 0 0 311.001359134259
38.8346344132141 0 0 0 -45.8659359756659 0 13.8007551470041 2.6604136512463 0 -21.9845437498474 0 -0.121169228854967 0 40.4252015887578 -28.9785894540835 0 -26.2314293468512 12.073689127252 -15.9385200193331 5.18131581055254 0 24.3153598309558 -1.39917312116512 49.8852030807921 0 45.5700635701825 0 0 0 -36.205198329577 -13.1622718949362 0 0 0 0 0 1 0 0 0 0 0 0 0 0 0 0 0 0 0 0 0 0 0 0 0 0 0 0 0 0 0 0 0 154.489772035337
0 -6.50020775831783 -22.9150241996168 0 -42.3227798494076 0 9.47984191234993 0 0 28.2971809292404 -24.0594419589461 0 0 0 44.3772038774975 25.1601712089105 13.9539953716893 0 0 -25.6226683262235 0 -43.5516894523854 0 0 -13.3165298047344 -28.4369527556339 41.9914096506458 -30.1414774954597 0 -36.2430992132346 -38.4955401609837 -1.6585682109432 0 0 0 0 0 1 0 0 0 0 0 0 0 0 0 0 0 0 0 0 0 0 0 0 0 0 0 0 0 0 0 0 -771.077244246
0 42.2096664227787 27.7808638939861 -39.4741010877542 0 27.5741755870545 -12.7061946366949 1.57615995781459 0 6.4504370179855 0 0 -23.2593968738584 -26.3643415939384 0 0 -19.0308615935251 0 0 38.8161711314824 0 0 18.5638446911144 0 0 0 0 0 -26.124657084795 -34.1807923905459 0 -1.68296104101401 0 0 0 0 0 0 1 0 0 0 0 0 0 0 0 0 0 0 0 0 0 0 0 0 0 0 0 0 0 0 0 0 -89.3831836320889
0 -21.646659347855 0 0 31.8899641308118 29.2999997297906 0 0 -33.7475666701964 0 35.7595184342038 0 0 -10.3156200489749 -39.5936994700287 -7.54619394773767 0 23.3027104520268 6.13500324338719 -25.9542518559996 -11.8443017177787 44.7374150240431 7.7206778632891 -49.3825872125557 49.297110415 0 1.56006355331275 0 -34.0615597946276 14.3567404517603 0 15.8216022215024 0 0 0 0 0 0 0 1 0 0 0 0 0 0 0 0 0 0 0 0 0 0 0 0 0 0 0 0 0 0 0 0 300.283124726771
-13.6614809892274 35.0859312404994 10.9634826331459 5.48361110466449 -42.6954536697072 25.1854369225606 0 0 32.5579469169093 0 -46.7565454624251 0 29.2665284964969 0 -49.2050357348626 0 0 0 6.57298602556136 10.973932742422 22.5776345054213 -26.5550618376101 -16.1121082850261 0 21.5958527930367 -30.9695261122765 48.4430415495683 14.209662477085 0 30.620285136234 0 0 0 0 0 0 0 0 0 0 1 0 0 0 0 0 0 0 0 0 0 0 0 0 0 0 0 0 0 0 0 0 0 0 200.595167299182
0 42.629619972427 25.419429952369 0 0 -49.1604877724721 -27.374231832734 0 42.0742270320171 0 0 0 0 -25.8899257288449 0 -30.6621450266726 0 -40.9383422921823 0 -41.2798401316313 -41.6655042281547 0 -42.0706766487807 0 0 -31.368554444214 -15.4275805233464 0 0 38.6709212530548 -46.9554956145868 -0.265386612550156 0 0 0 0 0 0 0 0 0 1 0 0 0 0 0 0 0 0 0 0 0 0 0 0 0 0 0 0 0 0 0 0 -927.474278157326
-48.1419964480628 -38.1500772099515 0 -34.4264635701356 0 0 0 0 11.3821120970811 -43.8180231928743 0 -21.2845182119863 -25.6133548840648 6.00797795672388 46.9742508111577 -40.3666244337397 0 -10.8841378522345 -0.0159752243065636 -36.7795076112922 1.56307726577496 0 34.9967169872764 2.69604453198571 0 0 -34.2075671956924 0 -6.01234878628677 18.142997806274 8.82861174226931 -43.0734919159983 0 0 0 0 0 0 0 0 0 0 1 0 0 0 0 0 0 0 0 0 0 0 0 0 0 0 0 0 0 0 0 0 -1332.20031266816
0 0 0 0 22.1118598874024 0 0 -40.1851860304819 27.1050696313441 0 -3.97504576040425 0 29.167757780785 -47.7163608848296 -34.3296808633509 -44.4799323723874 -31.7087020181045 -17.5449498533891 -23.8296626963017 -38.0125112469882 14.9840616674929 -8.1036978591865 4.2495588127863 -44.7614730718911 -25.5759009805302 39.7573681687818 -28.9858293041381 -17.2266980319399 33.9082707135792 0 -41.237960668858 0 0 0 0 0 0 0 0 0 0 0 0 1 0 0 0 0 0 0 0 0 0 0 0 0 0 0 0 0 0 0 0 0 -1067.85420036349
-42.4328810267731 0 -14.4967774309095 0 0 0 8.36784408134901 -11.9512224120445 -6.3803990556173 42.6769558371569 0 -0.525554173334741 0 0 23.3196712528802 -3.95913706299632 0 0 -22.2574251515419 -17.2728589068294 0 0 22.6984218772313 0 0 0 11.6821648212138 19.0948233624956 0 15.7102336782287 -3.06504728396161 -42.9312062422214 0 0 0 0 0 0 0 0 0 0 0 0 1 0 0 0 0 0 0 0 0 0 0 0 0 0 0 0 0 0 0 0 -58.8024742949782
39.7395914790891 0 13.8640936483198 0 0 0 -4.6573887172044 0 0.365502981192656 -20.5332622803004 30.5563031289818 -40.1090775991913 -3.74395532271221 0 12.0337930738732 -2.21535700587517 -44.7910793154729 -13.0914305044527 3.02940125902017 30.8482058518508 0 0 37.1309140715548 41.8746365763405 0 -24.0180267694296 27.2719621818859 32.3070535369879 0 0 44.4400210753142 -6.98586970395824 0 0 0 0 0 0 0 0 0 0 0 0 0 1 0 0 0 0 0 0 0 0 0 0 0 0 0 0 0 0 0 0 862.178481370821
0 22.6806628147519 -20.8400252620535 0 42.3348164366179 0 -45.7423527767687 -15.2505402810401 0 32.2382848428712 21.4866168171664 -15.2269899553882 -13.969837040886 0 0 28.6124624145233 0 0 43.1730097035751 0 0 0 0 0 -37.8137710794933 -28.3191624290266 -7.94942905916768 9.26579484914392 -31.4445438877576 0 43.872834500632 0 0 0 0 0 0 0 0 0 0 0 0 0 0 0 1 0 0 0 0 0 0 0 0 0 0 0 0 0 0 0 0 0 455.287058199105
0 -17.2696940023384 0 5.30176720264087 29.5217140915857 37.1540582892261 0 -23.4008225611145 16.010922715808 40.0549216336083 0 0 7.82643950957586 -19.8409413416853 48.9781937717598 -43.8195368381729 0 0 0 -5.46990941399584 0 -49.6543850083502 0 0 0 47.132349748834 10.2528859814215 9.06437922444752 0 -37.5824164923722 20.2249976026701 44.8609277759698 0 0 0 0 0 0 0 0 0 0 0 0 0 0 0 1 0 0 0 0 0 0 0 0 0 0 0 0 0 0 0 0 1338.86615058493
-48.492874033824 -36.4036475467492 -41.8474842762637 -6.87802517754493 -44.2905143266919 0 32.7089603003064 7.00564645156241 -19.1394655739789 -14.549081570868 0 0 0 -49.8487665412451 -9.9096782736973 0 1.61643456317315 4.69052726803711 -5.12968752548364 8.5157769789449 32.5136497152023 -44.245574534961 48.6831440887093 39.2887862094789 1.69300826821768 44.4818806877823 0 -31.2604664465662 -31.166165223489 0 0 0 0 0 0 0 0 0 0 0 0 0 0 0 0 0 0 0 1 0 0 0 0 0 0 0 0 0 0 0 0 0 0 0 -1460.47654640317
45.4883276969271 -10.7743973446105 0 -39.744958613245 0 0 0 32.1031143323826 5.07779156540803 -8.80253519266014 0 25.0008010210605 -30.5499003450039 -0.731065818531884 0 0 0 0 9.59250500535944 -29.0307714736509 9.70706096539342 -39.9837350345845 -35.3579739889959 -8.55262604280246 39.1522230317659 48.906011945944 0 0 0 33.4999198040736 0 40.4394656823792 0 0 0 0 0 0 0 0 0 0 0 0 0 0 0 0 0 1 0 0 0 0 0 0 0 0 0 0 0 0 0 0 273.575427576873
-31.8550117551763 23.6143583999247 0 9.02488498186821 0 23.5378934107812 -4.50278413099107 -0.527959237669151 0 33.8621171803428 34.9834748326873 14.7960776003411 36.7201836566554 0 44.1442226449471 13.1598950139136 48.001121395468 0 0 0 -23.3617085418736 41.7550288465576 48.6426956517389 -45.9378438516837 0 36.4402388686821 0 27.3382143651507 0 0 46.7974697936147 28.0863439513038 0 0 0 0 0 0 0 0 0 0 0 0 0 0 0 0 0 0 1 0 0 0 0 0 0 0 0 0 0 0 0 0 2344.32975325435
0 -4.56715641201981 0 0 0 18.5096942408989 -1.76451217859281 0 0 -40.0794829327671 0 -8.71884135108717 -19.6167306145807 0 0 0 0 0 18.5050548977792 -4.983079981664 0 -26.2326542945723 0 23.0441215799565 0 41.9799086047632 33.4302705209345 0 0 -14.0265414536716 -26.8589613149574 0 0 0 0 0 0 0 0 0 0 0 0 0 0 0 0 0 0 0 0 1 0 0 0 0 0 0 0 0 0 0 0 0 -86.4343925071798
-26.6107820663894 42.7692532494335 -26.3657843892459 0 -20.8924519523072 -17.9372537148801 44.3571786187013 0 0 33.3209434724194 -34.2825764022487 -48.4827314561621 0 -38.2328842669411 0 -31.6275187618623 -5.60868698094124 -45.9853320682438 0 20.8797252470441 49.3681823583803 2.67170719676136 -47.7557798394276 0 -13.0344659939999 0 0 -22.9429388124404 -32.9907717458774 13.1394866412013 0 -10.3649322521424 0 0 0 0 0 0 0 0 0 0 0 0 0 0 0 0 0 0 0 0 1 0 0 0 0 0 0 0 0 0 0 0 -1502.1273223451
25.8962808846742 0 -35.0862038183542 0 0 -30.4770896382842 2.85858042245044 0 0 -10.0204846458196 -4.63975651174879 0 0 21.2611705637931 0 0 0 0 0 0 31.9250522908962 0 0 0 -32.851764740516 8.40023213324285 0 0 0 0 -21.6042413539034 -36.7476978838504 0 0 0 0 0 0 0 0 0 0 0 0 0 0 0 0 0 0 0 0 0 1 0 0 0 0 0 0 0 0 0 0 -508.809104301867
0 -43.8630803508583 9.98396624082267 2.55238961451985 -35.9800091273278 -10.5686572321608 0 0 0 -34.7403980595891 0 -48.7559549174868 -9.84533684492143 46.6128156045523 0 49.3114923533184 0 0 -19.4008807971002 15.9522082662578 -38.0649280946012 44.7858519771837 -44.1079548080071 8.98652352717344 45.6209633765385 -37.1169867972151 35.4695324846242 47.2751725228338 -5.06760523820085 48.4745834478369 -28.4412854254694 3.89348326572628 0 0 0 0 0 0 0 0 0 0 0 0 0 0 0 0 0 0 0 0 0 0 1 0 0 0 0 0 0 0 0 0 -279.073473060155
3.06587766596352 0 -31.7705563758708 0 -40.1733131891779 -10.6927259508 46.2541881024398 -30.2482087046984 39.279704525075 -31.0433248792304 43.4696736495386 0 0 0 -47.9754058838181 -11.5718531196609 0 -4.36395999788315 32.8547314068302 0 -25.0031683943124 32.1252185318647 0 32.9505521107824 -18.639420642355 0 0 0 0 -27.4835058175394 -1.13523652176631 -26.5110430275409 0 0 0 0 0 0 0 0 0 0 0 0 0 0 0 0 0 0 0 0 0 0 0 1 0 0 0 0 0 0 0 0 -539.849052934072
-47.1582968815362 0 0 10.4195855016378 29.3729402770595 -49.1593941514491 -19.8692777066164 26.7879584793885 8.79249421195583 38.6266583112626 22.8720313058559 -14.3767644642939 0 27.8316851548784 0 -27.2562899837742 -4.52352992205872 0 0 0 18.4725736302956 -26.2329102418579 11.9034657364263 37.7113559114191 0 0 41.1676439232599 0 -38.3498313740609 0 -4.06145822982259 -2.08129070091134 0 0 0 0 0 0 0 0 0 0 0 0 0 0 0 0 0 0 0 0 0 0 0 0 1 0 0 0 0 0 0 0 513.873077339341
45.0304789330611 1.54230976164684 0 49.4582783030709 0 0 0 2.06714380026269 0 -12.8200625515448 0 -14.4525462445877 -38.1574054026279 31.8817784625159 0 -25.7670681589976 0 0 0 -43.7001170466657 -45.8608073429224 0 0 -39.6037106061985 20.6890418563946 0 -26.3889612732701 -16.8504041592126 0 0 -41.6269600360886 0 0 0 0 0 0 0 0 0 0 0 0 0 0 0 0 0 0 0 0 0 0 0 0 0 0 1 0 0 0 0 0 0 -152.694793983813
0 0 0 -42.3712931753543 42.5331471994715 0 0 -1.3066196970881 21.2286922096368 -24.4202217211429 0 0 0 48.09842897979 0 0 49.7576153009592 32.7404703085218 18.9895418139693 0 17.6785110494406 22.7860941496576 0 0 21.0725932147622 0 -7.87394598256438 25.8640751926689 -16.7310911632875 -41.0356545498177 -30.9193996073955 0 0 0 0 0 0 0 0 0 0 0 0 0 0 0 0 0 0 0 0 0 0 0 0 0 0 0 1 0 0 0 0 0 784.129784884014
-41.7688382979528 0 47.6772099850475 -45.5662909906128 -7.78965617219358 0 9.59060350764077 38.0766374885584 -30.2445188861148 44.9883908076144 5.4857119105212 28.7031980821879 20.093247857489 0 -37.0326198290637 0 0 -42.3094081766129 0 0 -32.6836267325968 -47.3231096617826 0 41.5592054204837 0 0 -9.52523398190507 -33.3659940420929 -46.2270498521168 11.8900933831386 16.9756147802246 0 0 0 0 0 0 0 0 0 0 0 0 0 0 0 0 0 0 0 0 0 0 0 0 0 0 0 0 1 0 0 0 0 -750.520008912787
-13.0486089024163 11.7073582091466 0 10.2247300354713 0 0 -31.2463569743912 23.9704319827399 -47.968623284515 0 0 0 -16.9452777743374 46.6243848097059 37.0081926150539 0 28.3089243577422 -13.671350004782 0 0 0 0 0 -34.9163616009056 39.080353694826 0 0 20.128046996038 15.2814122775213 0 -32.8353924985638 0 0 0 0 0 0 0 0 0 0 0 0 0 0 0 0 0 0 0 0 0 0 0 0 0 0 0 0 0 1 0 0 0 330.765756110081
0 26.407910465045 0 0 0 -47.6196345349855 46.5942003670094 -2.16955977807342 0 -44.3565104051428 -22.2962536394213 -20.5761889624178 23.5084626436095 -3.60253444597762 0 -0.526545643962795 -25.0263420755273 -36.9976550123204 -5.39465314873525 41.0680093427695 -48.6426658406099 28.6541948846008 -14.448945804983 -25.2414863609105 34.5022554450622 -11.1544803578667 -3.09994114850632 0 2.96620482802825 0 -3.2807615881936 4.71108007389779 0 0 0 0 0 0 0 0 0 0 0 0 0 0 0 0 0 0 0 0 0 0 0 0 0 0 0 0 0 1 0 0 -812.041951696926
0 -4.3337766188676 49.914034481162 -25.7196906265134 0 -21.8647776659626 26.0612662347949 0 -41.4844896743237 0 0 7.71321868089654 17.4725498082634 -25.5465188774124 30.0916627854962 -26.8158444294418 0 0 0 0 0 -8.5684261409827 44.0833444434603 19.0339003946384 28.3477002417719 33.6926111456549 -46.0734872226686 0 9.24481998722803 24.3791559000472 0 10.142235738655 0 0 0 0 0 0 0 0 0 0 0 0 0 0 0 0 0 0 0 0 0 0 0 0 0 0 0 0 0 0 1 0 184.685655462255
-18.4720191732245 0 0 -38.1708401318554 0 0 37.5240978401096 0 -26.3035532869006 39.1300553835168 -18.5780271717036 0 31.0753489030949 0 28.3257469865851 29.9466152228417 -46.243055947885 14.6498433230205 8.60729999635719 0 0 15.3074532915229 40.8767262989173 18.6483270067814 0 -2.5646458723586 25.4251110902266 48.8716165130762 -26.6281743176467 0 0 0 0 0 0 0 0 0 0 0 0 0 0 0 0 0 0 0 0 0 0 0 0 0 0 0 0 0 0 0 0 0 0 1 817.172918611503
-16.1079266073128 0 0 0 0 0 0 -26.1563144155182 0 42.0629290775589 -9.47674556099453 -21.3472964378216 42.7020073133164 -33.7537505113534 0.482176326249828 9.48971041847257 0 4.96486321148293 0 0 0 36.2752433129359 42.9644028543558 0 0 0 0 -30.2693934762894 25.5197178730595 -49.8819005150573 2.53899440174185 47.9851191937298 0 0 0 0 0 0 0 0 0 0 0 0 0 0 0 0 0 0 0 0 0 0 0 0 0 0 0 0 0 0 0 0 333.271315581623
9.90509803084608 0 0 0 0 0 32.6129178096737 0 8.79789647648418 28.0672222917833 42.0421892986477 -9.03889279586942 32.4389765094536 36.8468373905741 29.5053457630075 0 21.9512958352037 0 25.1758788150732 0 41.6248932251896 0 0 17.8332807906966 19.5277852976736 27.2542289146503 10.9836698245619 0 39.0287680108663 0 0 33.147711708109 0 0 0 0 0 0 0 0 0 0 0 0 0 0 0 0 0 0 0 0 0 0 0 0 0 0 0 0 0 0 0 0 2063.96279128616
26.5511648053006 -1.59723636601471 0 17.4406412393787 -19.5894306176116 29.5582075303785 12.6005057331895 0 -11.3357325949043 17.0636279465364 -43.9588444302899 8.40678981900078 5.32237524821302 -12.7990944985494 -45.5934890771441 -47.6166407956861 0 -12.8122876398476 28.7542770565461 0 0 47.395398018662 0 37.842180191736 0 -34.7001143736879 0 -41.7449750623725 -25.6452640935412 0 -4.22996635055097 1.35577917146031 0 0 0 0 0 0 0 0 0 0 0 0 0 0 0 0 0 0 0 0 0 0 0 0 0 0 0 0 0 0 0 0 -369.633777210708
0 6.0681366200344 0 48.4947422067486 18.0242271223805 0 -46.3400150261199 23.947749752012 0 0 -35.0234356401453 4.71206277545343 34.9187322792881 -40.923290692513 0 0 0 -10.7342237892657 0 8.76928743011508 0 35.0691892263327 30.8748177636279 0 0 0 0 0 -24.3419580625118 0 0 17.0023541929853 0 0 0 0 0 0 0 0 0 0 0 0 0 0 0 0 0 0 0 0 0 0 0 0 0 0 0 0 0 0 0 0 636.084594804184
16.9935118154987 -25.3559519807688 0 0 0 21.7790242788047 0 0 -4.25725744449184 -7.11974434372021 11.1894869731901 -12.0754457043756 -35.2075938238228 0 0 -27.4343495423593 0 -26.9631847095409 0 24.5075931570179 0 1.2474563467728 -19.087004356534 -17.8679331010794 0 0 14.0522584267671 0 45.4822900118488 -37.5622854400841 0 -0.0550507436128056 0 0 0 0 0 0 0 0 0 0 0 0 0 0 0 0 0 0 0 0 0 0 0 0 0 0 0 0 0 0 0 0 -316.064823231176
42.4177232373419 -42.431071172898 14.386093266914 0 0 45.7704973277233 -17.5269519406897 0 -39.7707407142777 -23.8884537795835 -18.4371178949955 -36.9646890120879 -48.1371660985208 0 41.1250309180007 29.1399693432262 5.72743514493785 -20.6476327991704 0 19.4271858236394 0 -33.8122592621074 0 35.6883624398687 -27.7089199026218 28.8362814031436 -3.24859412644241 -29.1687000433908 35.7444250168531 0 0 0 0 0 0 0 0 0 0 0 0 0 0 0 0 0 0 0 0 0 0 0 0 0 0 0 0 0 0 0 0 0 0 0 -570.630812517385
17.6317451654416 -38.0081752165804 8.81611658077155 -1.61709296827881 10.6227377778833 -22.3687116432311 -7.46373245951361 -46.5216274695607 35.0378605871759 27.2416456196253 36.5115573231888 -2.60747954302847 -23.5141668294523 -10.1420783733075 0 0 0 0 0 0 -35.0276736515642 23.9424853980511 47.6392658437891 0 0 -13.4139614157689 0.0400417475295511 9.1284844949697 23.0177740762243 -46.8924910803144 -33.8648574331117 0 0 0 0 0 0 0 0 0 0 0 0 0 0 0 0 0 0 0 0 0 0 0 0 0 0 0 0 0 0 0 0 0 134.162967900693
-5.71915504623367 0 0 0 -8.31809475786142 20.9133936973782 -10.8740132712316 -7.00999740157443 47.27181805755 -4.6114369812056 24.1728485708217 45.5451486873791 13.0693388974039 43.3265555996826 0 -36.6493628720741 -38.3230640275253 23.0590441455335 0 -19.4172946354762 0 25.5183631038189 34.5240802171667 30.2031198399299 0 34.6244352217896 -26.5062722389838 -40.6458231707364 -33.4621859594231 0 0 -15.3433810345708 0 0 0 0 0 0 0 0 0 0 0 0 0 0 0 0 0 0 0 0 0 0 0 0 0 0 0 0 0 0 0 0 796.882677887176
38.6397994800937 -43.1794834998791 0 1.17254637670651 -27.1791929795817 0 -4.39383535114676 -26.1688950757659 0 0 0 -25.4201738167939 0 19.7823268944117 0 22.3083740697711 1.77626009581249 0 0 0 21.7839111847601 0 -10.6280157704727 0 0 32.7547235629259 34.2419344145759 37.6472833762288 -42.2251353384874 -40.9166743607425 -1.28391688545747 0 0 0 0 0 0 0 0 0 0 0 0 0 0 0 0 0 0 0 0 0 0 0 0 0 0 0 0 0 0 0 0 0 137.268520512457
25.7022563607326 12.5000335076031 -26.7441883037833 0 -21.3372847251429 0 0 -17.0236625214364 0 32.042046796872 0 0 10.0821744460707 -5.38526953381602 32.9793111268227 0.0701011936744878 0 -29.7243126849911 0 0 -47.5353265163656 0 0 0 -48.931955360345 26.6848333223675 11.2815760774916 49.248303800433 0 0 -36.2679905229937 22.8301245543828 0 0 0 0 0 0 0 0 0 0 0 0 0 0 0 0 0 0 0 0 0 0 0 0 0 0 0 0 0 0 0 0 582.775829626813
26.2322386997666 18.4145688224173 0 26.7382551801409 6.35250602090418 40.264346639045 0 0 0 -23.201710058373 0 17.7445647084322 12.8452694818452 0 -33.9169200081304 46.2259659529239 0 0 0 25.8684169524804 -33.6876624812096 0 28.8618526593643 26.8695155218149 0 0 0 -39.3787081792014 -13.9321423821949 -5.62106623872052 -37.7531151339072 0 0 0 0 0 0 0 0 0 0 0 0 0 0 0 0 0 0 0 0 0 0 0 0 0 0 0 0 0 0 0 0 0 304.26361696923
0 -31.7499219519727 0 -27.2582497175401 0 0 21.3609233980672 -15.1762792628443 -5.55742445423736 -11.5271467036273 34.7578323421851 0 0 39.8041373328341 0 -21.7354122347755 0 13.7803896697649 0 40.8751828407587 0 0 3.80819636679969 -29.6305707883527 0 -39.8262126974213 0 25.1206249233915 8.5272702307032 0 41.5188057559705 -5.35250734287683 0 0 0 0 0 0 0 0 0 0 0 0 0 0 0 0 0 0 0 0 0 0 0 0 0 0 0 0 0 0 0 0 272.849829060943
0 0 0 11.6241003031895 -3.15212773509492 0 -22.6913951968334 0 0 0 0 0 -44.102904427651 0 -43.8105878631905 -44.1394505853995 -0.0211270831397159 0 -25.115452892387 -38.3981037176161 -26.9920954086374 -47.0037262374486 0 -37.0643814474042 26.106872108246 0 0 0 0 0 42.2433028155755 7.92658431560748 0 0 0 0 0 0 0 0 0 0 0 0 0 0 0 0 0 0 0 0 0 0 0 0 0 0 0 0 0 0 0 0 -718.114276237307
0 38.8057325153042 14.7679635085118 -5.06935802679636 0 -2.88538860447607 49.1958011973764 -13.0181551312602 0 0 0 0 -25.4300646112628 -47.7581017551433 24.2525920740777 0 41.5360663361682 -22.7696361013918 -16.5444082964243 -32.0784588913396 0 -38.2201607363904 39.8151575433946 -34.5943334233795 36.3385124658961 0 -14.8704535748945 0 0 28.3160478852476 -35.8183076895384 0 0 0 0 0 0 0 0 0 0 0 0 0 0 0 0 0 0 0 0 0 0 0 0 0 0 0 0 0 0 0 0 0 -348.241526962784
-1.66602239313323 0 17.1716962758329 0 23.936441467176 37.1815713736865 -43.681213815776 0.845240498582012 0 0 -17.7986092115985 12.5719785029809 -11.9824396444137 0 9.49625406008036 -23.0117409200219 0 14.8324409801985 0 7.2196484985779 0 0 0 28.6431366919959 16.2656922491939 0 -45.5694686645247 -41.6766666090883 -14.5669792447574 3.50459807539962 0 27.484874560049 0 0 0 0 0 0 0 0 0 0 0 0 0 0 0 0 0 0 0 0 0 0 0 0 0 0 0 0 0 0 0 0 131.553370043723
0 0 0 5.04177955361377 21.6752473151193 0 0 49.8764305378135 0 0 -10.9389594777996 0 26.7682494512231 26.5980352093002 46.7244486994399 29.9214296170057 11.4398851225882 -40.9355318919483 0.626810761552521 0 0 0 -23.3422176549084 -35.7860116027291 0 38.6717816296443 0.39397320595389 40.5595449175043 0 0 6.75777687623309 -44.51335483605 0 0 0 0 0 0 0 0 0 0 0 0 0 0 0 0 0 0 0 0 0 0 0 0 0 0 0 0 0 0 0 0 847.133346679771
0 0 -10.8801467705146 0 49.5630857013696 -41.2549269121948 0.28506847806048 -2.59185555266193 0 0 0 0 -22.7447728489432 0 14.2774384291347 0 0 -40.0790517604641 0 0 0 -12.1370587232279 0 0 8.19158108923067 24.0939829104642 0 46.8535601636159 -4.33005773575329 0 0 47.3732597436437 0 0 0 0 0 0 0 0 0 0 0 0 0 0 0 0 0 0 0 0 0 0 0 0 0 0 0 0 0 0 0 0 542.485835786582
0 0 0 0 49.0486879685282 -18.3528302764184 0 -1.36699150411658 -38.6364089324471 -48.0926185733427 0 -2.04311118128274 -49.9766120472793 -28.8432735430654 0 0 -37.6458592977418 47.9731051894571 0 -5.91561293580056 14.5095236971541 0 0 48.6344163598317 14.5729933036268 -47.2447945240047 -48.1258651398289 0 -35.0327537467874 0 0 6.52665538636705 0 0 0 0 0 0 0 0 0 0 0 0 0 0 0 0 0 0 0 0 0 0 0 0 0 0 0 0 0 0 0 0 -1067.96221428466
0 47.372215742755 0 2.76023768953654 0 0 0 49.752440611991 0 -28.6778126865311 11.5867449023786 0 0 0 0.802091717180786 0 -24.3579101114935 23.2196670246864 -41.4620411428788 -20.2864247864703 23.3620888961084 0 28.3145862139007 0 0 0 -34.9522127364505 0 -42.7445204208843 -39.5763917553673 -19.5703574377974 0 0 0 0 0 0 0 0 0 0 0 0 0 0 0 0 0 0 0 0 0 0 0 0 0 0 0 0 0 0 0 0 0 -50.6276631124304
46.476916886734 -10.3552811746711 42.9398126348107 13.1857102645182 36.4452874805898 0 0 -38.0600920522487 4.01620720104738 -26.7129116705558 -34.6477348204498 0 0 -18.2069369224348 33.8856539744527 40.6775479848445 -26.5615480347447 15.5367054408753 0.373670039024876 -16.6936123154771 0 43.9538267781858 -0.477276249356329 0 0 -28.5133704990393 0 -4.37154238559052 41.7495986695466 0 -11.2506766942417 40.9577554253087 0 0 0 0 0 0 0 0 0 0 0 0 0 0 0 0 0 0 0 0 0 0 0 0 0 0 0 0 0 0 0 0 601.2659581356
0 -9.24678505919487 29.9943375825795 37.1909751495813 0 0 -25.6452428204977 0 -28.7494887142195 14.7144615442204 -27.5039172081316 -24.9558782171274 -13.1049786992106 0.123404269678618 20.3945075305234 0 10.3225373891599 0 12.2447585894224 21.1517935899055 0 15.5697249626792 0 0.418831852579482 23.1823327666492 47.2085701625748 0 0 36.3982291039327 10.9659532094291 0 -45.9688587543067 0 0 0 0 0 0 0 0 0 0 0 0 0 0 0 0 0 0 0 0 0 0 0 0 0 0 0 0 0 0 0 0 294.027294283194
0 -42.7443829836457 0 -25.1509628493392 0 0 0 -45.8664844047502 -8.95118891493416 7.05409859425328 13.3248001744651 0 0 -35.3613586918711 0 -38.6751358523897 18.2659431821973 -42.8442098081593 0 0 32.6029522987473 40.3594805393139 -41.7764146017306 -9.94111122752664 0 11.2075087953352 0 0 -43.2400764503339 0 0 0 0 0 0 0 0 0 0 0 0 0 0 0 0 0 0 0 0 0 0 0 0 0 0 0 0 0 0 0 0 0 0 0 -1220.92316902708
2.22412376522617 0 0 -27.8815532136017 44.2764432135342 41.3584129847777 0 44.0400740948291 0 0 -34.4601811775751 -32.3863306413468 0.757463751923892 42.4263746297417 -14.5388802143829 42.3798737179098 0 -46.4285419563131 24.9854887916803 29.8272708871643 0 44.6117114537646 0 10.1796652076839 0 0 0 0 0 0 44.2941143578374 -2.23501462122393 0 0 0 0 0 0 0 0 0 0 0 0 0 0 0 0 0 0 0 0 0 0 0 0 0 0 0 0 0 0 0 0 783.871929798858
-6.27384694279131 0 -11.7754019102377 0 -9.65615114115396 -5.65657040869619 0 0.0218555880491023 -36.8445527893985 0 0 0 0 0 -44.0214720848821 -18.0014996663094 -6.24223845408598 28.4944852048556 -34.1921115971781 0 33.9248071457858 -44.6739789910194 0 0 0 0 0 0 27.2726168700391 0 -40.7779856727685 -29.6170275680875 0 0 0 0 0 0 0 0 0 0 0 0 0 0 0 0 0 0 0 0 0 0 0 0 0 0 0 0 0 0 0 0 -1128.5826198141
0 0 -41.0181173383132 2.8793210214722 0 12.7954595998598 0 0 0 -28.8349758587647 0 -19.4074001362299 -6.56429859405835 -46.615411026597 11.1794853758885 0 -31.6214709102535 0 24.8308778042 7.23916990997521 -17.4324993738602 0 0 -16.6088311460614 0 49.511806230161 -15.3272527596025 46.4983926861769 0 17.2509154542339 0 0 0 0 0 0 0 0 0 0 0 0 0 0 0 0 0 0 0 0 0 0 0 0 0 0 0 0 0 0 0 0 0 0 -108.534910389922
-42.9821775002284 -37.570357630854 0 0 14.8532006705331 -4.02466550550703 0 -12.5153408054578 -25.9712078645789 0 -2.52244040522116 29.7405808648877 34.8831138427476 0 16.1452407738885 -10.4606575697806 -12.1012731289352 48.5310487578964 -42.4960848353096 0 -17.1057165077252 -33.9704085087647 -10.9523661017137 -29.5673351512333 27.8712291160281 0 0 5.3452646110692 -20.2338239845418 -49.4027052879262 41.0977449241848 0 0 0 0 0 0 0 0 0 0 0 0 0 0 0 0 0 0 0 0 0 0 0 0 0 0 0 0 0 0 0 0 0 -329.569763961264
19.1551586882659 0 0 0 -18.8043273782462 0 -1.27408949062212 31.4458637307391 0 0 0 0 -4.77235262355441 0 0 13.4969181127834 49.9264647522961 11.466926130442 12.5697480339291 -3.19207435252539 21.4302147360771 10.8829153388624 0 39.7940111918705 18.6901587797783 0 0 40.579644846337 0 35.549928358528 0 0 0 0 0 0 0 0 0 0 0 0 0 0 0 0 0 0 0 0 0 0 0 0 0 0 0 0 0 0 0 0 0 0 1097.17813110886
0 -12.9449458742198 0 0 0 -46.2156171942796 0 0 26.6383992757335 0.127013493150074 0 8.9076245418756 -8.93987023290951 15.3283648382287 -17.3366272936513 -25.8795156921532 0 49.4810386105299 0 -26.8187487882176 -29.2603486129885 -2.69040751133826 0 -0.686167537522808 -19.3087649966546 2.91536396382703 16.2458481740547 -44.2815698205949 -35.6285774917893 0 15.7895126430442 -3.79026042167583 0 0 0 0 0 0 0 0 0 0 0 0 0 0 0 0 0 0 0 0 0 0 0 0 0 0 0 0 0 0 0 0 -453.857488772421
19.3752623860706 0 -41.9745366833107 0 -36.5101222883291 0 -43.0165436762346 28.4655461361033 -15.306470329637 0 -6.33579135126855 29.9723477159957 0 13.4360471251645 0 0 0 0 0 0 44.0834641112684 -35.306561896432 0 -11.8947157197291 17.9631803478932 -12.3738546109414 38.157725551926 37.8931064213058 -6.53650575715022 0 0 0 0 0 0 0 0 0 0 0 0 0 0 0 0 0 0 0 0 0 0 0 0 0 0 0 0 0 0 0 0 0 0 0 226.773598412658
5.64073325469731 46.943795352759 0 18.4210077418464 0 47.7606575109149 32.4128461475121 42.3292337911522 -12.9986159013558 10.7720212722369 39.0480861700622 -3.20194436806402 -14.042815239373 0 0 0 34.4319199864426 -35.7861612649671 -13.9975043005539 9.7773832730409 37.9139115336508 0 -34.0115598277376 -30.8911127081942 -35.751551689954 -12.5277259296503 14.5059915334824 35.0134814569963 0 31.1479894770799 25.165580293244 11.1877458859563 0 0 0 0 0 0 0 0 0 0 0 0 0 0 0 0 0 0 0 0 0 0 0 0 0 0 0 0 0 0 0 0 1311.56342002449
0 0 0 0 16.6785350837953 -22.4702717133446 -31.8067336074156 31.4883228623003 -15.6196837835891 -30.1988155006874 9.0962764661407 -38.0840356042971 17.2157845700552 0 46.4562158100818 45.8560288218337 -33.6814068736219 49.585988720656 0 0 17.7416980771931 16.4885710647762 -11.7042372135888 0 0 -39.3964972358275 -0.182473108046477 -33.2504723289154 0 -15.7889787494351 16.9318644743543 0 0 0 0 0 0 0 0 0 0 0 0 0 0 0 0 0 0 0 0 0 0 0 0 0 0 0 0 0 0 0 0 0 -278.736901312931
46.0228666411421 -19.1499240887458 0 0 -24.0202577382856 0 0 0 0 -41.1197089024354 32.0615097793087 0 0 0 -4.29279070822141 0 -38.8146025488722 0 38.5708019943017 -41.8146524026499 22.2267042811288 -25.6042918313021 12.8277632930823 -33.6102697702392 2.32532542191188 0 19.3121279178697 -14.52586854486 0 0 0 0 0 0 0 0 0 0 0 0 0 0 0 0 0 0 0 0 0 0 0 0 0 0 0 0 0 0 0 0 0 0 0 0 -299.689224953827
0 -43.8384361312832 -9.062792651811 29.7747767417658 6.75525650273212 41.2305836360236 -39.7254646842187 0 -41.3714769093764 0 33.5295701650114 0 31.2573168709515 0 4.31428931981429 8.92075240560761 0 0 -11.242920374843 -10.5684121601542 0 -20.960051955681 0 -6.50784255636767 0 7.68743392037491 0 35.5603787642906 45.1531558795645 22.0773092487174 0 -3.81942643904634 0 0 0 0 0 0 0 0 0 0 0 0 0 0 0 0 0 0 0 0 0 0 0 0 0 0 0 0 0 0 0 0 670.011657259051
-0.180476942654606 -15.645223015178 -29.7877635797794 0 0 17.4966340692908 0 0 0 24.1933294887225 0 38.3027356331288 -23.8076206888332 39.0212723038281 0 0 0 0 -16.1069847913995 0 -45.9348452410919 -14.5481656168791 0 0 0 -41.269522235161 -11.7484298047031 -20.8305141983272 -34.1395897637824 0 0 0 0 0 0 0 0 0 0 0 0 0 0 0 0 0 0 0 0 0 0 0 0 0 0 0 0 0 0 0 0 0 0 0 -329.82286670641
0 29.931493559276 0 48.127340198414 0 -44.8397653783215 28.6941371113949 0 -49.3790917656329 0 0 0 0 0 0 33.4854627871769 20.8412305607115 -38.7075510395749 25.8177818766064 0 41.0834499221171 0 -40.7576164072966 27.5834412275227 0 0 0 0 -26.9943610541847 0 7.8952476853962 -38.6477463395381 0 0 0 0 0 0 0 0 0 0 0 0 0 0 0 0 0 0 0 0 0 0 0 0 0 0 0 0 0 0 0 0 -484.996469128666
-22.4340134715244 -48.6611094918682 -44.3631765394548 -12.3902667176011 0 32.9239550313164 0 -4.22518249958571 0 -42.8822921875322 0 -5.27802839565973 31.2018755511714 -39.4701930867388 0 -5.56597253088369 12.6477641146137 15.2292745733234 -45.5529399237742 0 0 39.3222580891281 -47.5840481224122 -8.52758977244498 29.2646908355734 4.3630446972457 -29.8488152066651 0 43.9462059428145 26.4427177182116 0 0 0 0 0 0 0 0 0 0 0 0 0 0 0 0 0 0 0 0 0 0 0 0 0 0 0 0 0 0 0 0 0 0 -1057.89769109397
42.3120737125336 -24.4814082784578 0 0 0 0 47.6615669752165 0 6.79217190319085 23.1990284311555 0 0 -12.8460978862227 0 0 19.4475403508608 0 4.59603206438964 0 0 -26.1010731095962 -1.06255540555945 0 0 29.8025243864161 0 -49.9001097555543 3.65803060507879 -14.4020380147753 0 0 0 0 0 0 0 0 0 0 0 0 0 0 0 0 0 0 0 0 0 0 0 0 0 0 0 0 0 0 0 0 0 0 0 194.734213515312
0 -0.84945079122678 0 0 15.9854509649945 -15.9950404941964 -44.5374106425121 35.7880133741591 -19.9139227533827 0 0 0 0 -5.54660744956861 -13.3881209099024 0 24.6527777911581 15.4444906888988 42.9023584136095 -25.6142192209929 0 0 -48.6774191971736 10.0067088984487 40.3087805157867 0 17.8214823366042 0 0 -33.5598301636801 29.0406288394567 0 0 0 0 0 0 0 0 0 0 0 0 0 0 0 0 0 0 0 0 0 0 0 0 0 0 0 0 0 0 0 0 0 118.234227859056
-35.7698599959532 -20.5716165571041 0 -5.43209597029383 2.48316680884257 0 0 -30.8275230982265 0 49.6319256307624 -46.8503803856227 -40.511273336837 0 0 -44.671124080276 0 0 0 -25.4123115450514 45.3549731992609 -20.5903082171507 -47.7389402471535 0 0 0 -21.1416842288017 0 0 -15.8575244521173 0 -39.3164484394983 37.8578323203578 0 0 0 0 0 0 0 0 0 0 0 0 0 0 0 0 0 0 0 0 0 0 0 0 0 0 0 0 0 0 0 0 -1085.28764151467
-7.21808358885778 -44.6273923807782 0 18.5600239240213 0 4.09736353656697 15.1967202289122 -27.696604575247 -33.5215435071347 0 43.9180640184125 -5.83932804497789 -36.2826931521523 -40.2204845650214 0 39.62991673187 -26.50382094194 0 0 0 8.32241640997008 0 39.2197841986974 0 5.13385802884033 0 0 14.83675748079 0 0 -41.9173719872527 0 0 0 0 0 0 0 0 0 0 0 0 0 0 0 0 0 0 0 0 0 0 0 0 0 0 0 0 0 0 0 0 0 -613.75751702313
0 -31.5122702592962 44.9087089164437 0 0.638603737302657 0 -25.4327390350311 0 0 0 -46.9057540599048 4.02605033087811 -16.2732091890237 21.6795775605694 0 -21.0394152796217 32.5852659282023 -19.9582680170914 39.1910371031589 20.8985719850202 9.09292973327951 42.8198654012379 -38.5426828134948 0 0 0 0 0 0 -5.99375898590755 -11.3398060077244 0 0 0 0 0 0 0 0 0 0 0 0 0 0 0 0 0 0 0 0 0 0 0 0 0 0 0 0 0 0 0 0 0 -78.0995766834409
11.619778790235 24.7851941341945 44.7044233638727 27.1738116557568 6.78786734677644 0 0 -20.585370219827 18.9915280023461 -32.7361793147635 20.1132206728468 0 0 6.94206329711939 0 -21.2489225703256 -18.3440359743292 0 -23.0177888039136 2.41826452687187 0 -37.6532527586806 48.9634371198121 -16.6510000482679 15.1551304683276 14.1434114765466 -2.3452446348627 -40.4041702652709 13.3833393676915 41.6158285801902 -41.7018026259915 0 0 0 0 0 0 0 0 0 0 0 0 0 0 0 0 0 0 0 0 0 0 0 0 0 0 0 0 0 0 0 0 0 249.387389965882
-39.8340539414948 21.0031321013191 0 0 0 -0.393830466561707 -9.84710723768942 -32.6947407292134 -32.8645563434232 0 28.8192853014424 0 0 32.0621514540324 -19.1300041654395 -39.734984281957 0 -31.7397471591434 37.6992071156586 8.72773190770292 11.515420347825 -12.1117889073886 0 0 14.9993328384955 0 7.48314763578618 0 0 0 -20.9220911532526 -22.5811709218918 0 0 0 0 0 0 0 0 0 0 0 0 0 0 0 0 0 0 0 0 0 0 0 0 0 0 0 0 0 0 0 0 -476.971896073278
5.82056729198515 -31.4292423215764 0 0 22.1551951373402 -14.6765689996604 20.6567838597102 0 0 27.5220210231314 0 32.2249841649505 0 -23.0060238576464 10.7227040699023 0 0 0 37.0323056449002 0 0 0 49.8509111181358 -49.2425457794897 0 -14.5044156552798 27.8731129029805 12.8653559184772 0 22.6893956414434 0 -3.30377717189932 0 0 0 0 0 0 0 0 0 0 0 0 0 0 0 0 0 0 0 0 0 0 0 0 0 0 0 0 0 0 0 0 741.109448070242
5.26050581857672 23.401684119837 -48.3480571033873 -4.29396836722117 0 -31.2621339909101 0 0 0 -16.8446971753777 -31.168107501849 -22.7888187612708 18.7288273613817 -49.3932979155843 1.19129933224514 0 22.3843454196986 27.3554275476311 0 -13.8906514424372 -35.4677695408979 0 0 5.45229642178832 0 0 0 0 11.5748946432373 0 14.5160392899287 0 0 0 0 0 0 0 0 0 0 0 0 0 0 0 0 0 0 0 0 0 0 0 0 0 0 0 0 0 0 0 0 0 -708.932788033873
-23.8880462189172 45.3246577661058 15.6402727041998 14.4104946557163 0 0 -9.13877806651223 0 39.1648080222826 -24.9682051505621 0 2.95270955170566 -16.4930157870016 20.957851667834 40.8846270140976 0 0 48.1316359276094 -4.25874173676888 -29.9996832474625 0 0 45.5515882627684 0 0 -27.2006756942988 0 0 -49.9435964032452 -15.3521607937113 21.4325190993249 46.5513074461048 0 0 0 0 0 0 0 0 0 0 0 0 0 0 0 0 0 0 0 0 0 0 0 0 0 0 0 0 0 0 0 0 1218.93100900995
0 25.6542098338433 -35.7536984935858 -0.0449981698751434 0 39.6209511034759 48.1551399087699 -13.2598437097461 -30.5666843871349 25.3491760864785 0 0 0 -9.76820479527549 -20.6149426968556 4.93399408927299 -32.261113080638 -15.1456865011815 23.0748255296893 0 0 0 18.0043157719968 -18.8605479761429 -18.150445406289 17.1145550502766 0 0 -47.2954223432685 48.4414774988847 -22.2154866247004 0 0 0 0 0 0 0 0 0 0 0 0 0 0 0 0 0 0 0 0 0 0 0 0 0 0 0 0 0 0 0 0 0 -46.0446098774985
15.5481380825445 -19.7199447158881 0 0 0 0 39.6997207815434 20.3678828943171 0 0 18.4524688636104 -7.06637668353534 28.1842474445794 0 0 4.9429549833894 -39.6779428966927 22.9574737915012 37.0330788106626 33.9830513402802 0 12.0311203162797 37.3948063812095 0 -45.2138178789619 -48.4249049608886 0 36.6578812972101 15.361873339162 0 27.0122289835718 0 0 0 0 0 0 0 0 0 0 0 0 0 0 0 0 0 0 0 0 0 0 0 0 0 0 0 0 0 0 0 0 0 1127.60057903955
0 0 0 -15.1056057169779 0 15.9880562536279 -47.7520391573318 0 15.2910142757132 45.5306570188324 11.8798518790821 0 16.679516556509 0 -22.5988944439705 0 0 42.0101718151787 0 0 -3.66190183687136 0 14.560497045968 0 -12.7828135992443 19.9104738096259 32.1321087470754 -37.7153706946201 24.9555573574669 48.723926375079 0 -12.1109788763639 0 0 0 0 0 0 0 0 0 0 0 0 0 0 0 0 0 0 0 0 0 0 0 0 0 0 0 0 0 0 0 0 640.593453226757
-7.21318303091798 0 4.36727241187079 0 0 45.2267032767394 0 -9.61121987649591 0 0 19.648355717959 46.8564650326622 11.2515013103373 -2.82514186525529 -22.3941272785651 0 36.4847646878907 0 22.1085705247247 0 -33.0935437430448 0 0 -35.500134240067 -19.1856886734002 18.1274542563224 0 0 15.3455401743083 0 -42.2036549851774 1.42741906610483 0 0 0 0 0 0 0 0 0 0 0 0 0 0 0 0 0 0 0 0 0 0 0 0 0 0 0 0 0 0 0 0 469.238558740642
42.0528809096579 -14.0167092328369 0 -17.5212908171026 0 40.5541910015133 -46.9107365693741 11.1311753787308 18.2232976828387 12.4791991737305 -47.8954739495294 6.04315552234366 39.9151176143591 0 39.3964726831823 41.9775200049591 -16.4804906429943 6.39981992788384 5.39003917026096 0 0 36.4556985130655 23.8633243069521 22.4941887377224 -13.9890604517301 0 -48.3584248303499 20.4428229222136 -14.0164300350055 0 -39.7372085555812 0 0 0 0 0 0 0 0 0 0 0 0 0 0 0 0 0 0 0 0 0 0 0 0 0 0 0 0 0 0 0 0 0 780.839865065108
8.43206181115608 17.4665069486441 4.95810463084672 0 0 0 -39.8805537407476 0 -14.8509097929962 -37.864240649268 10.0081386379273 4.47218786992206 -20.5836021041198 0 43.3867517928997 0 -47.1359177743613 -38.5337484811781 0 -34.5694329440223 5.39591133710561 0 0 -3.39964386462073 40.2889845385961 0 0 -12.0262699605278 -12.1724281200451 0 0 -35.3903072823867 0 0 0 0 0 0 0 0 0 0 0 0 0 0 0 0 0 0 0 0 0 0 0 0 0 0 0 0 0 0 0 0 -873.599471922491
-48.9731021215549 -44.0301875271021 -16.3987667063697 -21.5741719993612 0 -21.6318782759142 0 -46.5479671893317 -5.42126916340735 16.1789880630445 0 -42.0829146888267 0 3.52004391170181 0 -27.6346898969296 41.2670799782776 0 0 45.1250485125727 0 0 -10.6606117967177 49.6881288209364 0 0 -8.61393222143596 -43.3488481139245 11.2311265520835 -42.0322335121231 12.2200059413065 0 0 0 0 0 0 0 0 0 0 0 0 0 0 0 0 0 0 0 0 0 0 0 0 0 0 0 0 0 0 0 0 0 -1419.8987757056
0 0 0 0 45.2973827513724 0 0 49.8548513246537 26.2714212840262 -44.3772225170945 0 0 0 0 0 0 0 -44.7009041627307 -12.5959863054995 13.8292275585341 9.63717909028654 -10.0057370045538 0 0 36.9114961522716 0 0 0 38.6877943700914 37.3909963945617 -3.6455799013618 47.4294139371893 0 0 0 0 0 0 0 0 0 0 0 0 0 0 0 0 0 0 0 0 0 0 0 0 0 0 0 0 0 0 0 0 734.786795735015
-34.6340927096882 -14.5292146434191 27.2818696041948 0 -12.4022596836053 4.28535096648284 0 0 0 0 -2.87809207391911 47.3776971096683 0 30.9177304843239 -42.0520619721469 -33.911786095321 -11.6248781528352 -38.1446608260189 23.5637307005531 -29.0428492588717 35.3831635648865 47.7208166503485 0 0 -23.60969677422 0 -15.6023382428411 31.3254349619513 -18.2246982924161 -23.0247948656624 24.4932904984849 24.2603917522357 0 0 0 0 0 0 0 0 0 0 0 0 0 0 0 0 0 0 0 0 0 0 0 0 0 0 0 0 0 0 0 0 275.121700990545
0 -38.9829349387321 -38.9424952997346 0 35.8410769302272 -4.3454437129014 0 0 0 -27.1243357461047 -28.7854414462896 -43.4608736620775 0 0 -0.640507384639488 0 0 15.7811715029504 3.72455549503561 0.0790979888619314 0 -39.7141263597743 37.2702918810787 -29.6839049964056 2.54915909569027 0 -39.2514812563995 0 0 -38.8518117604637 0 12.4846664147247 0 0 0 0 0 0 0 0 0 0 0 0 0 0 0 0 0 0 0 0 0 0 0 0 0 0 0 0 0 0 0 0 -822.394657448896
0 0 -49.3399821577829 34.8480731961168 0 -41.1219134129551 0 20.055232009304 0 -7.84393391528788 32.124814639295 30.6730020548709 41.2285037178727 -13.4352791978276 -11.8694716132783 -5.82459556311511 0 -49.8255222796638 0 0 29.8413722652473 -10.4022747519084 15.9041602423719 -29.259649588698 -20.4616372911771 -25.3381816882569 -24.6556933660586 0.235791035137678 -13.1202619018426 0 0 41.2612491011001 0 0 0 0 0 0 0 0 0 0 0 0 0 0 0 0 0 0 0 0 0 0 0 0 0 0 0 0 0 0 0 0 -103.90390348206
0 48.5316047903931 -36.2655209352519 20.5192737092073 25.3725311330015 0 0 -29.9598256483297 -4.04195635696946 -9.29449690756861 0 0 16.588614297121 -25.4523828036224 0 -24.3145663982676 23.2823784961501 -13.8965364246622 47.9273837572654 16.4679801530681 19.5466810946062 42.6605161520264 -4.14836667022178 20.9855316751664 0 0 0 25.3719027556469 18.8020526532809 -4.72728407837445 -42.4060481320617 0 0 0 0 0 0 0 0 0 0 0 0 0 0 0 0 0 0 0 0 0 0 0 0 0 0 0 0 0 0 0 0 0 644.957637286449
-38.0055427597315 0 -43.7023218095386 0 -40.7826503321869 0 -31.0600599533678 0 -18.8511750022297 29.2880111722192 43.3306004021326 -21.0927001381711 0 -34.7075789202841 0 0 0 0 33.3095905851542 -44.9735646837329 0 -0.383070952475995 0 0 -12.3443838380824 44.5559343352076 0 42.7752363615293 0 3.87270904084999 0 0 0 0 0 0 0 0 0 0 0 0 0 0 0 0 0 0 0 0 0 0 0 0 0 0 0 0 0 0 0 0 0 0 -221.451421012739
-11.9621667772735 46.4723767154606 -21.7026721650365 0 0 0.401630291195398 0 0 0 0 -25.9792623215488 -33.8285032878035 0 0 -39.5623645985376 46.5241383031698 26.4876198029418 -8.51549640682538 -27.2870227142436 37.6174137784332 -30.8196782181754 34.6169970270499 0 0 0 -39.8775126094326 -46.0160876056866 0 19.8477593911113 6.70838361336253 37.0223651903786 0 0 0 0 0 0 0 0 0 0 0 0 0 0 0 0 0 0 0 0 0 0 0 0 0 0 0 0 0 0 0 0 0 -547.778214010597
13.1593217822865 46.7233364932655 16.162955041417 0 0 -46.8165418904661 0 33.3415654171203 0 2.00859510625531 0 -49.0141164224401 5.23711871048436 0 39.6415304727787 37.3114805867812 42.6052638328615 2.75492336978782 10.9470610284606 -36.0247785565082 -3.1889459971683 0 0 7.05692156432249 0 23.0973332278621 0 0 0 0 -7.42097270028623 1.61358719929332 0 0 0 0 0 0 0 0 0 0 0 0 0 0 0 0 0 0 0 0 0 0 0 0 0 0 0 0 0 0 0 0 514.557999441832
0 0 -17.495453760397 42.1165429655398 0 0 0.61190305568849 39.5992224214705 46.8133626320756 1.75898609035121 -36.7975536401357 -40.1375597457744 -27.9204873588477 5.70384425717978 0 0 1.10971811445171 15.0547219385658 33.3482613536866 0 13.7964099964752 -1.26939391727138 -49.5650770246335 0 4.61041537472131 -13.5838015842295 28.8833789377859 0 0 0 0 27.440571418392 0 0 0 0 0 0 0 0 0 0 0 0 0 0 0 0 0 0 0 0 0 0 0 0 0 0 0 0 0 0 0 0 558.540240856973
0 46.349701621501 -35.730675095452 0 -27.9391732962131 18.8291235055892 0 4.46977957389059 0 12.6570292883761 0 0 0 0 -38.6325579713558 -4.2741944540801 0 47.5546928927211 0 -42.3039748508308 -23.3014826774477 0 0 10.3499850058131 -25.0515097343257 35.2851565214139 30.5463749852069 -23.9812338996333 -1.57434570781682 -22.4443563315075 0 -24.5335943058 0 0 0 0 0 0 0 0 0 0 0 0 0 0 0 0 0 0 0 0 0 0 0 0 0 0 0 0 0 0 0 0 -131.912916527076
30.6689467222328 18.7656740416785 27.0983696896575 0 0 -43.9569997791864 -1.60093680862178 0 47.559060250088 -6.34481573888961 -26.434189622879 25.3396425636609 0 0 -10.9422975206381 -48.6533719366687 -2.51870508299533 -3.70086321150466 -0.987664895996532 1.94821188867057 0 0 19.3788633215623 -19.7049163830641 -36.7206687626552 -9.79260993627019 6.36836338619772 -43.1303451070999 45.2737611322148 -17.1134192308838 0 3.55710696399412 0 0 0 0 0 0 0 0 0 0 0 0 0 0 0 0 0 0 0 0 0 0 0 0 0 0 0 0 0 0 0 0 -78.2547200226169
6.39155791477255 -14.4486655566624 0 -36.9048179690999 6.36694118787895 23.3839364678684 0 49.6075109025988 48.0959754560732 29.2064265896148 -36.1810563690135 1.73366552802789 -3.52689845160238 14.5703394933397 27.5302708499131 0 40.853057662256 25.3645138180798 0 0 -48.2260532943795 0 0 0 -6.12290903258883 0 -36.0922056306647 36.633234934704 0 18.3413783457275 45.812862027216 0 0 0 0 0 0 0 0 0 0 0 0 0 0 0 0 0 0 0 0 0 0 0 0 0 0 0 0 0 0 0 0 0 1331.675373164
-37.6625610468565 -3.60656909288636 46.7302554859243 30.012891594171 45.1239949042417 40.7729729375477 0 -39.947499995332 0 9.05755873414167 0 0 -35.0445389622715 43.0623909892905 -18.6008833071708 -43.1073370057366 49.3611049463783 0 47.9096758413256 0 0 0 23.7125093253579 0 21.3357110610613 0 -8.34688769594274 32.5565662531954 0 -47.0638259227619 3.16839575334986 0 0 0 0 0 0 0 0 0 0 0 0 0 0 0 0 0 0 0 0 0 0 0 0 0 0 0 0 0 0 0 0 0 1390.39628141749
32.6370971155252 0 -22.2357783136003 19.2845410383817 0 0 -1.41185180900288 49.1213539460191 0 0 38.5391849872085 16.1347070570027 0 -8.7488862735599 0 24.545104003461 0 0 -11.0949987824139 0 7.6796412926497 -4.6975330453357 39.2159803256216 44.6013624695947 7.24825016296768 -46.5124783452258 0 0 0 36.1163908788634 -12.1312066872028 36.4075847465116 0 0 0 0 0 0 0 0 0 0 0 0 0 0 0 0 0 0 0 0 0 0 0 0 0 0 0 0 0 0 0 0 1135.96845016981
0 -15.8477784939006 -16.9287460541638 14.3211095811129 35.5479081481667 0 0 0 -16.4178854460616 40.910715249186 39.409367399854 0 -13.1020827871998 17.0800752408075 36.2859193838563 0 -1.5219106043924 48.0218684763628 -6.29078637927995 37.6969320406369 0 0 0 -39.4803047715665 -14.4194257973662 0 -26.605821321273 0 -24.2183281963736 10.2752788659336 -33.0661699214085 0 0 0 0 0 0 0 0 0 0 0 0 0 0 0 0 0 0 0 0 0 0 0 0 0 0 0 0 0 0 0 0 0 745.209063436529
10.1986496687083 -6.5213378199454 39.7849712472311 -37.3483330434571 34.1309116986253 -4.24076701633356 0 12.0721303089452 0 -0.506833404889862 10.8675372150321 0 0 41.3789024008604 -38.5469030955351 17.9560127862095 49.5390934289278 -22.0731953058158 0 -42.6918906644308 -47.4534307411817 13.2467924873162 0 0 19.1579215522491 30.4081470957906 -31.3547546803925 31.0210136669263 -26.9892616486853 31.5547446919182 49.9961403261244 0 0 0 0 0 0 0 0 0 0 0 0 0 0 0 0 0 0 0 0 0 0 0 0 0 0 0 0 0 0 0 0 0 763.084485649529
0 40.7179463976052 0 23.8161733901261 0 0 -12.9700455729406 0 -11.1485791583036 0 -25.7158719420478 0 0 41.2107768936253 44.4176845993925 25.6160277075269 0 11.5458952922582 0 16.3867364205196 0 29.1539964999179 39.9798274050875 0 33.4449114348216 22.9955904294544 -49.0645031041571 -13.2154328940293 0 -12.9088492194991 -1.4690079069154 0 0 0 0 0 0 0 0 0 0 0 0 0 0 0 0 0 0 0 0 0 0 0 0 0 0 0 0 0 0 0 0 0 934.809281819758
0 0 -48.8967818202305 -16.3787107496738 -7.27022353829563 -24.8650168625844 14.5412132652954 -4.18362115343768 0 -46.2630307362222 30.9823612415804 -12.4471904088055 6.37771029721405 -2.54424283117064 0 0 -1.43844497411604 39.8212667694436 45.1217913797304 0 -7.28079519446152 0 0 0 -2.35781591180604 18.0083371264488 46.2683487104487 49.9979549175164 39.7733151043927 37.6773516099801 0 -13.3134542982766 0 0 0 0 0 0 0 0 0 0 0 0 0 0 0 0 0 0 0 0 0 0 0 0 0 0 0 0 0 0 0 0 516.433288743533
0 0 -25.9584541004982 0 -39.8077453712954 0 0 0 35.4839516983685 -21.4711419189353 0 16.9345482429568 29.9848190921274 -33.5377172031306 0 0 0 0 0 0 -34.7082213906605 0 0 0 4.43440104719908 49.5455099158509 0 0 0 0 0 -14.0420153677442 0 0 0 0 0 0 0 0 0 0 0 0 0 0 0 0 0 0 0 0 0 0 0 0 0 0 0 0 0 0 0 0 -208.968973163173
-36.6383052683724 0 0 -4.91104592595737 -26.7557241653181 0 30.4153256208007 12.1975656887249 12.0845687990048 0 -45.9805130911424 8.82514651240712 0 0 0 0 -45.9277980010405 0 0 0 0 0 0 15.6632445587193 0 0 0 0 0 49.4920883726621 0 40.6548703764949 0 0 0 0 0 0 0 0 0 0 0 0 0 0 0 0 0 0 0 0 0 0 0 0 0 0 0 0 0 0 0 0 -148.603130415043
-26.6930300236642 31.0057238144811 -29.4563990929349 -44.1001469222192 0 -11.3469824778119 0 0 -2.12207772195471 -46.9717405779855 -39.7404910823308 -3.54048022040071 0 -4.83099250664283 37.5558549085707 -7.42938038883184 -37.6792961994378 0 5.62428236437518 -23.9148222261649 -15.8478253428519 -13.7482428492228 0 0 -33.5675394081098 0 0 0 0 -15.8872221932405 0 35.1834364214941 0 0 0 0 0 0 0 0 0 0 0 0 0 0 0 0 0 0 0 0 0 0 0 0 0 0 0 0 0 0 0 0 -1096.44220086995
-33.0308467566932 23.801181098979 33.5410214822453 -28.4634784417934 45.4052789746366 31.1191325422833 0 0 0 0 49.2257479505941 -49.1317895360942 -15.321892317999 -42.5402599974242 0 -33.0066711177792 -5.58018522549573 18.5946158127565 -17.2646633482839 -26.1745058739575 0 -9.97376018936332 8.49217834544267 18.9775352218961 7.62079752271981 0 -30.0606936321754 23.0508457260244 -4.19823630169583 -38.9774669554595 -15.9490840008643 0 0 0 0 0 0 0 0 0 0 0 0 0 0 0 0 0 0 0 0 0 0 0 0 0 0 0 0 0 0 0 0 0 -46.7806569913319
0 -7.07909126926232 0 7.75013452467179 0 -25.6798742574388 -6.55835975189061 0 -8.93029593480296 -39.615994197317 1.57813055515259 0 0 -4.54499542673658 0 -10.6165190707005 6.71568156254307 -5.41485050756059 -35.6331110046786 -4.33293814334154 0 16.6900948031845 0 0 0 35.9904012545984 0 47.7531733288501 0 -7.03473787669233 0 0 0 0 0 0 0 0 0 0 0 0 0 0 0 0 0 0 0 0 0 0 0 0 0 0 0 0 0 0 0 0 0 0 -75.6682887222124
-22.6492630284618 0 -12.3578287515696 0 -22.1471098715361 0 0 -37.2697226883579 14.8664582363197 24.6038120166528 1.52808519237611 0 0 0 0 -2.85292293320529 18.3533593797088 20.8936878162135 -18.9450660305558 -25.618385356773 -13.6291713999609 0 44.1686227941038 19.840361287012 -2.73336152304736 -4.13667135397687 0 0 28.8638056047427 -15.7964657529294 -36.6255772811648 0.400365560297167 0 0 0 0 0 0 0 0 0 0 0 0 0 0 0 0 0 0 0 0 0 0 0 0 0 0 0 0 0 0 0 0 -95.7191691750277
0 -21.365977685211 38.7174631970462 -4.41192368449221 35.4039359499665 0 16.3969381803494 49.449265859072 0 0 0 -13.0984223416051 41.6310047421543 -19.674559833406 0 12.0144616810682 34.6342621341506 27.5644915834481 0 0 0 48.5207838655285 -8.82076201109166 0 0 -5.30046287674956 0 0 -42.9352524363858 -32.8974386387855 -19.8198635666669 40.6368871082246 0 0 0 0 0 0 0 0 0 0 0 0 0 0 0 0 0 0 0 0 0 0 0 0 0 0 0 0 0 0 0 0 1021.97947998865
47.2590650309875 -11.0728363055089 44.5960895848726 0 0 10.6432344025372 -43.1969194577551 0 0 -1.47640736555272 33.6955658799033 0 7.96328594420719 42.9758972694212 -49.1342284448367 -42.8639330910352 0 31.8897954156513 0 0 0 -0.00496095544528785 0 13.7103692298759 18.1856385142514 0 8.39093838115672 -1.8215336150508 -13.148941285201 -45.3274811792307 10.9516019879819 32.9202353910913 0 0 0 0 0 0 0 0 0 0 0 0 0 0 0 0 0 0 0 0 0 0 0 0 0 0 0 0 0 0 0 0 1125.30168369371
-44.3729634109989 7.31336435926174 -39.2617012517819 0 45.019085213159 2.58263827462021 -6.16248415239327 46.6064168346899 -0.278588881395647 -21.116773812214 -7.67373229948855 18.7085178268234 0 29.0811294354558 -39.9832501269559 -17.8066169671661 0 -18.6097398273545 -47.2013572602492 -48.1012133006688 0 0 -41.1298147677297 -6.30674519991219 0 33.2299439623747 6.93475569823752 -40.0437998309304 0 -35.1251506335546 41.8690076079157 0 0 0 0 0 0 0 0 0 0 0 0 0 0 0 0 0 0 0 0 0 0 0 0 0 0 0 0 0 0 0 0 0 -798.569354659386
0 25.9172632720233 26.4063707025372 -44.4978559988908 -44.3869294458303 39.6947211732863 -1.29876498134992 18.7465921336606 0 0 -3.07786719897918 0 0 -32.7054860025061 -31.9498771877521 0 -34.5708087379456 24.0252401673091 0 -32.2729141595443 3.3243112464155 0 32.1562274572403 0 0 39.3216376782916 33.0973038644949 -40.8378637177593 48.6920984577419 0 4.38158591871021 45.9493948623767 0 0 0 0 0 0 0 0 0 0 0 0 0 0 0 0 0 0 0 0 0 0 0 0 0 0 0 0 0 0 0 0 94.909573290728
0 0 0 -34.6381269078633 38.3266702237646 36.3867234345857 0 0 0 -10.0900987758219 -4.81049294510425 0 0 -3.2721595009636 -7.4125587279529 0 9.9406803708285 -34.1596648820135 0 0 -27.7597714726665 -14.2060633666309 -27.8456496074182 0 0 28.5221335347959 7.85879336819209 0 -7.25037187636882 36.9867270708864 0 -26.5805914306537 0 0 0 0 0 0 0 0 0 0 0 0 0 0 0 0 0 0 0 0 0 0 0 0 0 0 0 0 0 0 0 0 -291.178903937173
0 34.0112486430476 -45.848249985805 37.6907241829048 31.6226441686827 12.8224435165114 39.8858990240046 -38.4440014761056 0 -49.7263562830782 -10.4358660354408 -18.8541515489999 -40.8500762537419 9.17852274461686 1.07702304276704 32.5375355351535 0 -31.3299788225357 0 0 -13.9013673180205 14.7988532076472 9.30649368872253 22.7932391071343 0 0 0 36.7306972867605 -14.9319443807283 0 0 -35.5910438274486 0 0 0 0 0 0 0 0 0 0 0 0 0 0 0 0 0 0 0 0 0 0 0 0 0 0 0 0 0 0 0 0 -202.434858690689
0 0 -31.1963709330145 48.5518521647661 30.3051351239924 46.1755697512251 -31.0912963946627 49.6551500030596 0 25.0711379007317 -21.7725651572073 17.7265687822333 0 0 19.3432754004973 -23.3907957688198 16.099510206083 -4.64071792342848 38.4165395334196 -14.4009846975115 0 0 39.9736131875651 0 -22.6598665955845 0 0 -42.2903166581011 0 -10.1333644304972 0 -21.163816857011 0 0 0 0 0 0 0 0 0 0 0 0 0 0 0 0 0 0 0 0 0 0 0 0 0 0 0 0 0 0 0 0 995.029934585028
0 -11.3793281547873 0.217871605808695 18.8011232849763 -41.0288984166604 -28.8092995324757 -46.6539668449927 -29.7388935122605 0 0 -36.3428147419489 0 -47.3093046968895 -10.8469735612828 0 -22.6389237056461 0 -5.89792847849968 44.4886890460986 -33.1420091771522 -1.17630700731446 -37.9831716428288 0 -17.617081354294 -36.4908951062879 0 -21.2488886034825 0 -13.1314115165113 40.0295924164298 -8.69896547023177 0 0 0 0 0 0 0 0 0 0 0 0 0 0 0 0 0 0 0 0 0 0 0 0 0 0 0 0 0 0 0 0 0 -1485.36828501554
15.4791508252093 -27.0392975555461 30.4712159704774 -26.5547949242738 -39.1254889012523 -27.7574226496843 0 0 0 0 -30.2601772880902 -0.712385172837637 -46.3686164615378 49.8940831534606 -28.6725344908104 0 -18.9392737483902 -41.2243185862433 0 0 -16.1073898687453 -25.478886266183 0 -44.0148442819313 -38.5295614419718 29.3917220520295 20.7332496110455 -34.2415368302527 0 0 0 0 0 0 0 0 0 0 0 0 0 0 0 0 0 0 0 0 0 0 0 0 0 0 0 0 0 0 0 0 0 0 0 0 -1548.68337130341
0 -44.1599520979199 16.5086081072042 -27.3050802924708 0 -18.3684369325191 -38.5081453857728 -6.12383103487659 -29.5300901512088 -36.1179068301403 0 -6.96851790688957 0 -36.3673657327349 43.7152079203298 -23.2011721117923 -2.93293977834408 -44.8154491633918 -46.8811523931613 0 44.6044627281254 -4.44537773396815 0 -5.84824868660431 0 -6.54814010264506 -0.495408063079061 -47.5090483517025 0 0 0 -20.0502292810542 0 0 0 0 0 0 0 0 0 0 0 0 0 0 0 0 0 0 0 0 0 0 0 0 0 0 0 0 0 0 0 0 -2221.97538379632
-20.3876600025503 0 0 -1.75304719951198 0 -14.8653731609418 0 25.2086768658952 11.2271640756827 0 0 0 0 -4.95846132221265 -16.2969119150449 0 0 38.504232719734 13.6933591443387 -31.5171602395217 -0.557423843109339 -26.1987827829796 0 -22.2845824699257 28.1388874796608 0 -44.2765126643286 0 -44.7872239453864 6.51643775226651 17.1879686417834 43.6695814347411 0 0 0 0 0 0 0 0 0 0 0 0 0 0 0 0 0 0 0 0 0 0 0 0 0 0 0 0 0 0 0 0 24.3107134437591
-18.0589283801762 0 33.8557940092578 0 0 -43.0193641394074 0 0 -38.0598017455255 -35.8357863737111 15.754600391184 0 2.70889662038898 -48.7940794340666 17.1162029605362 0 18.8702593700259 -44.6473148491803 0 5.19737785716947 -43.3241373603359 -31.6430588598269 0 39.0931593116306 3.30917646272786 0 12.9121467596381 3.86234758890869 -45.6544746513677 0 0 15.4820061671092 0 0 0 0 0 0 0 0 0 0 0 0 0 0 0 0 0 0 0 0 0 0 0 0 0 0 0 0 0 0 0 0 -1060.71501599553
-25.2216648542905 11.5378012360715 0 0 0 0 0 41.1657554285662 0 0 -10.3053978874034 35.3177928792509 0 0 -0.770126957543071 0 0 9.86274625460043 0 0 0 16.8318765495651 0 0 -4.56876204603064 23.7284334083152 0 -45.3337077370605 40.8482511069307 0 17.0997903752585 0 0 0 0 0 0 0 0 0 0 0 0 0 0 0 0 0 0 0 0 0 0 0 0 0 0 0 0 0 0 0 0 0 194.557691786194
-39.2759470710616 11.8277732128735 0 0 29.9261064851347 26.6995322843181 39.1155242089187 -23.4320522003596 0 31.3682321865831 -12.8304090159892 0 -5.98276639624526 35.2695040584372 -44.1623598248848 0 -37.9148318450835 0 -48.6888062211423 -9.36081995504139 43.8588144465152 15.4388054718427 -3.7105622009114 -6.22841036230939 0 0 0 14.5970400445193 0 3.53992194417339 13.0339263958645 0 0 0 0 0 0 0 0 0 0 0 0 0 0 0 0 0 0 0 0 0 0 0 0 0 0 0 0 0 0 0 0 0 189.57678826636
4.60164690018203 0.366429648048783 -46.6031743329025 0 0 -37.1992548695229 25.6250739988072 37.8821772531928 0 0 -48.5305196978707 0 47.4574813844465 43.0637537885276 31.2760812354803 10.9066700185134 23.416815421742 0 -27.4715011511635 -49.7222922569195 48.0205758828351 0 0 49.0899650959786 -22.7917688069574 0 26.3704171447016 0 12.880050864464 0 23.5525292051555 -25.419674297931 0 0 0 0 0 0 0 0 0 0 0 0 0 0 0 0 0 0 0 0 0 0 0 0 0 0 0 0 0 0 0 0 353.613096361515
20.7253104237873 -10.7559175093918 39.2869153371747 16.7271192739066 0 -22.43310793711 -9.91258623879023 0 -25.1164500411415 -7.62322689189578 -20.3197928981914 0 -17.5268462116218 0 0 0 11.7934383379777 -18.326735959112 -26.8139062902711 24.6171039389097 0 44.4567888704866 0 5.75584332478509 0 37.0681628160072 0 0 0 22.7267374395863 12.3118156577974 -46.4659097260625 0 0 0 0 0 0 0 0 0 0 0 0 0 0 0 0 0 0 0 0 0 0 0 0 0 0 0 0 0 0 0 0 -233.040701708953
0 -6.10242031072201 -4.54022538340098 -30.904201290015 0 0 3.20056636642547 0 -28.2151529806577 0 0 0 0 36.4922669969574 0 0 -43.1032896131443 19.6217661679163 28.0182555966521 0 0 11.4105247331746 13.5457820913949 0 0 0 -27.4543466824544 19.1614919817361 0 -19.1912636523407 0 0 0 0 0 0 0 0 0 0 0 0 0 0 0 0 0 0 0 0 0 0 0 0 0 0 0 0 0 0 0 0 0 0 -4.7946735191702
-39.1774356544452 0 0 -0.251959618347031 -9.49703283241408 0 1.25132401342372 -20.8485245662794 -5.69625361003515 17.2785783319718 23.8589008140655 -0.570966489427216 0 -21.7787518613528 0 -49.8256051360367 0 39.2869257848502 44.314156841352 0 -34.4306790111609 30.5018237015682 -35.7499849786618 0 8.93273836320028 17.6209144505339 2.85259308686511 -42.8767234726761 0 0 11.1500687160211 0 0 0 0 0 0 0 0 0 0 0 0 0 0 0 0 0 0 0 0 0 0 0 0 0 0 0 0 0 0 0 0 0 -309.977117559798
-2.38772569565499 -37.1801455826899 -13.3025155550222 41.6461671025534 -22.9845055999396 -45.2530855378712 0 29.1833891366014 -0.27240089703584 40.3511662777324 0 -16.2301182227779 -48.5315495852546 -40.3425460828684 22.6924711735267 0 33.7893458777346 -32.5858667623934 -0.413398999561454 46.3884315737093 -22.6113074834331 35.9544122846797 40.5600482492518 0 48.3993672783844 28.1503356959607 -26.7078974821913 0 0 0 18.7686400686497 0 0 0 0 0 0 0 0 0 0 0 0 0 0 0 0 0 0 0 0 0 0 0 0 0 0 0 0 0 0 0 0 0 56.8399606526374
-138.979751070363 -47.8907703845478 -6.40437273793768 -76.1341157849585 10.9983224868782 16.8844821440593 -16.4887578019364 -125.7651153995 -6.86139797665875 -32.4221126346264 -96.4460197598098 15.8231886674982 60.2452222950949 -125.875333435904 98.0577363547013 -110.391970008396 -95.5553247028984 -45.655087472778 69.3216813817312 44.4839595295347 147.31515461627 -72.251164245736 231.458608391805 111.825891300759 -97.4549026542192 73.6046568370982 -138.672019759092 1.97535287408957 -54.6925702021752 132.553942838038 -13.9527014852517 16.4930605702835 0 0 0 0 0 0 0 0 0 0 0 0 0 0 0 0 0 0 0 0 0 0 0 0 0 0 0 0 0 0 0 0 0
