33.6937557660774 -5.38893681228146 0 0 36.6637875973191 0 0 16.4987392051516 -44.4847840979061 2.85400519350451 -17.6561560005433 -31.6280765382039 -26.1047057785649 0 0 14.4755350312189 0 0 8.60109336975775 30.4161567242433 29.7512341710692 36.3248426684364 -41.8407818982354 0 0 -11.2088020904186 -3.56199024555867 0 0 45.1948691302494 -37.0509468060058 -33.3527138673647 1 0 0 0 0 0 0 0 0 0 0 0 0 0 0 0 0 0 0 0 0 0 0 0 0 0 0 0 0 0 0 0 -133.152892390258
0 29.9942382793185 33.6847981428934 -9.12631597341346 -15.9725439811664 -31.8105470174903 16.695462515452 0 0 0 -47.3680029693252 0 9.84539534440524 -4.66531419346523 -28.3097603155583 20.1001363331794 0 -24.292896978644 0 17.7278794546934 0 0 -30.6346701571807 32.1631506617987 36.013556629069 15.8829841451648 0 43.9569606815512 48.2732158217595 0 0 0 0 1 0 0 0 0 0 0 0 0 0 0 0 0 0 0 0 0 0 0 0 0 0 0 0 0 0 0 0 0 0 0 995.283958393551
0 6.05917951851399 -18.6745489380148 0 47.586779869903 0 0 0 44.2661201257251 35.0931412146009 0 40.130897986088 0 -48.6837906443978 21.5609425003753 0 0 14.0958185435407 3.3952552855669 -12.98470534154 16.1927008851128 -46.2126867988295 -8.26275506933028 -24.6110323388879 44.6558697261859 0 30.9798079152171 -37.0114900417738 0 9.2332146122422 -21.995277543875 0 0 0 1 0 0 0 0 0 0 0 0 0 0 0 0 0 0 0 0 0 0 0 0 0 0 0 0 0 0 0 0 0 33.2151833700154
0 43.5483757289688 0 0 0 41.7411189430836 6.76976929376126 -41.3952418523647 -44.8377823660529 0 0 26.7204063761681 0 -23.6424754677679 0 -25.982702293413 -14.7743616290196 0 -3.23441087527115 0 -39.9881950533099 0 -37.4992638691083 0 40.6544099434505 15.2309571457412 0 0 -31.7192555478409 0 0 0 0 0 0 1 0 0 0 0 0 0 0 0 0 0 0 0 0 0 0 0 0 0 0 0 0 0 0 0 0 0 0 0 116.69052942732
0 -14.1259721674704 0 -6.20759239505069 0 -22.6600722641306 11.2208993412975 16.9920039217369 0 34.2051719019567 47.7271070522344 -35.509562959776 -17.4425718108296 0 19.5696303623088 -30.4520610915682 26.258393323126 -41.5398526300877 0 19.170601055293 0 -35.1150465063157 24.2082314145075 0 0 0 0 -38.349248443304 28.5633270396349 0 0 9.89490482070583 0 0 0 0 1 0 0 0 0 0 0 0 0 0 0 0 0 0 0 0 0 0 0 0 0 0 0 0 0 0 0 0 -162.732875824674
31.4775142259795 -32.2690384605562 14.8713292682567 -30.6347844306611 -40.6195423733677 -35.3997309832025 0 0 0 0 6.88768437482543 -19.3057727130569 0 0 0.493149845813168 0 0 -7.98732199195658 0 0 0 0 0 0 -40.7634625173823 17.1102337162145 -37.2616532025172 35.157613981062 25.6225418530368 0 0 24.7838359666728 0 0 0 0 0 1 0 0 0 0 0 0 0 0 0 0 0 0 0 0 0 0 0 0 0 0 0 0 0 0 0 0 -603.727966779279
0 46.3406839233295 0 39.6550658628979 -44.5412504760375 0 31.4552328868806 33.6839818749155 0 -10.7321233297932 0 -17.9823003481421 0 7.73339247138871 0 -35.6808361498121 0 0 0 30.6572422803298 0 -38.3820437984885 30.0223509164535 11.1167301636146 32.164698126336 0 0 -4.80145939996202 0 -23.5726144874226 14.5689619317945 -47.8286430241817 0 0 0 0 0 0 1 0 0 0 0 0 0 0 0 0 0 0 0 0 0 0 0 0 0 0 0 0 0 0 0 0 219.877540441783
-25.573429594593 44.1709184881487 0.872554835014761 33.600766703427 21.9638567804786 0 0 -13.6502758260084 -14.037005480059 -29.9567616339767 0 47.4967136348776 20.1080434610807 -44.8487601238975 -35.9287289159927 19.5115299441499 25.1592972328981 0 0 44.1404856076192 -32.6892239317998 0 -39.7798549556923 0 0 -35.7216519887495 -35.592793646608 -20.9175082156988 0 0 0 -30.1101258093398 0 0 0 0 0 0 0 1 0 0 0 0 0 0 0 0 0 0 0 0 0 0 0 0 0 0 0 0 0 0 0 0 -801.717804043423
24.7821701303658 0 26.8535775127841 -6.33807274270227 47.6091537949013 -21.4989651789483 -7.94440130979027 36.6501621828573 -40.6471471080155 0 0 11.3833623373899 0 -7.15845541166775 -34.0428253609647 0 -25.6461592493915 0 -5.08253608930135 0 43.5194422916262 4.32754576572405 43.8660063429782 1.70881565364892 0 -39.1152300172226 0 0 -40.9877607719889 4.57804708595988 0 0 0 0 0 0 0 0 0 0 1 0 0 0 0 0 0 0 0 0 0 0 0 0 0 0 0 0 0 0 0 0 0 0 -198.808031203934
41.9135221086514 46.2913677527943 -48.6545568090311 0 0 -5.58386075754862 -4.95377463417848 25.5402332994261 0 0 0 0 0 0 35.6049417543512 0 -35.308909512593 -1.56096838272373 -12.4612398371698 40.5926261294269 -48.8820846101362 0 38.953295460489 -5.30059505957323 0 36.4691667886841 0 0 45.1058491191196 -16.634970324364 -35.8887944310954 7.62883335688034 0 0 0 0 0 0 0 0 0 1 0 0 0 0 0 0 0 0 0 0 0 0 0 0 0 0 0 0 0 0 0 0 976.616305157707
35.5274934237468 29.8851373036498 0 0 0 19.6754547869915 27.3701968844121 -0.577376847457223 -47.8432573403626 0 0 32.073840086703 -25.7632669515632 0 0 39.7903186825034 -49.3116288809652 0 0 17.8255533338848 3.03249604136354 0 0 0.983220100197035 -22.8600479287628 0 32.5706987188558 46.3331258871378 28.1112823211439 0 0 -39.7274522222915 0 0 0 0 0 0 0 0 0 0 1 0 0 0 0 0 0 0 0 0 0 0 0 0 0 0 0 0 0 0 0 0 932.761909307392
0 8.21021417727572 0 -18.4882669549609 -29.0769078904022 0 0 -9.45573321871166 0 48.4590203012425 0 12.3482813207257 0 10.6280932096834 -24.6646473489941 -21.5364870598614 -9.66493904071072 6.66738117693396 0 0 0 6.09573266067285 0 -47.8338311208817 19.7849034055155 0 -8.20043007554927 49.8721513513816 5.33863034311876 6.39181092461413 0 0 0 0 0 0 0 0 0 0 0 0 0 1 0 0 0 0 0 0 0 0 0 0 0 0 0 0 0 0 0 0 0 0 -113.623531825329
0 0 13.3404264560043 -8.82464875885727 35.2580162125502 36.0038110420194 0 0 -34.8504921194171 0 0 0 -18.947870133801 -17.9700548175121 0 0 1.66335508464612 0 0 36.9746009671559 12.4592487109055 0 44.5029633949092 0 0 -11.0958757120239 0 0 38.3174401177583 0 0 -3.65857822769363 0 0 0 0 0 0 0 0 0 0 0 0 1 0 0 0 0 0 0 0 0 0 0 0 0 0 0 0 0 0 0 0 787.537495444701
42.2532415105851 0 0 0 0 16.553354200807 9.81232088155189 0 18.8043251071192 -16.3007372645528 13.7717695228997 0 0 0 18.740608788721 0 0 -29.1978712731885 43.9685244876437 0 0 0 40.3488730580045 0 30.1020677246491 25.0781015035758 28.4826434676337 -28.9814941113906 0 -34.3988113440757 0 0 0 0 0 0 0 0 0 0 0 0 0 0 0 1 0 0 0 0 0 0 0 0 0 0 0 0 0 0 0 0 0 0 1337.73605904973
27.0044270198733 3.31184420757746 40.4322470516037 0 19.483840060768 16.5606826963544 -28.9370943452228 28.9756934449456 0 0 0 48.8287721992018 42.7195776888116 16.6180025661153 0 0 0 0 21.5663470012367 -26.0141406444467 0 8.38401743448963 -43.3644702781404 25.6803820017599 -2.21604474737598 0 -5.44584892431547 0 0 0 -0.648424257421587 -7.01113324594366 0 0 0 0 0 0 0 0 0 0 0 0 0 0 1 0 0 0 0 0 0 0 0 0 0 0 0 0 0 0 0 0 635.510537825752
-22.5464351239847 -39.6450315530541 -49.6927327163202 9.10683703841255 37.0241953002201 15.8919021145437 0 12.6249109452917 26.3034260570036 -36.7415743436567 0 -25.0817472466803 0 -29.5321717514301 -26.7744590793851 1.29052659458618 -25.73657712103 0 -36.7815805693263 0 0 -37.22064775067 36.4626019755189 0 32.7384370912274 16.2681205113679 25.9245980225822 0 -28.5783165685522 39.7170243001803 0 0 0 0 0 0 0 0 0 0 0 0 0 0 0 0 0 1 0 0 0 0 0 0 0 0 0 0 0 0 0 0 0 0 -420.466005132198
5.34902562240601 20.8948047541199 0 -26.8388533825801 0 0 -14.3865929156966 45.1816267293997 5.92632598540511 34.9621144107728 -13.7938687674882 41.0045134079081 0 34.9074777279708 0 0 0 1.61109581815839 0 0 0 0 -9.98091245886744 0 13.3357119112094 0 0 40.463246669066 0 21.5830702529885 0 0 0 0 0 0 0 0 0 0 0 0 0 0 0 0 0 0 1 0 0 0 0 0 0 0 0 0 0 0 0 0 0 0 611.894205272463
10.3774080689638 -9.09378987227616 3.30390776504548 -34.6677197365107 -3.63636609362484 -33.8951515767111 0 0 26.6592405763768 1.06977638949091 0 45.2077881181433 13.2798131835278 16.0729718428145 -21.5184236013504 -38.9382541424951 44.4208089287266 6.86091324028496 0 27.1896208668632 16.1787684664197 -13.185450227907 -12.1895560221478 0 -10.7668342776396 41.2400636807073 5.66031405894849 11.3442433925932 1.31748071544009 0 0 25.7183105721861 0 0 0 0 0 0 0 0 0 0 0 0 0 0 0 0 0 1 0 0 0 0 0 0 0 0 0 0 0 0 0 0 148.367065395898
-5.16345251151674 0 0 24.7948226132449 0 15.2037775185771 0 -8.70492369919505 0 0 -48.4030473809863 0 0 1.62503578761856 13.2517134844472 42.0907162706765 33.0437296524274 0 -19.1687308644004 0 4.80990333409573 -6.56369535461999 0 0 27.8191387214288 0 0 0 0 0 0 -40.657184199277 0 0 0 0 0 0 0 0 0 0 0 0 0 0 0 0 0 0 1 0 0 0 0 0 0 0 0 0 0 0 0 0 368.234941134806
-29.1885582221257 -34.1216203635948 -40.2605604245211 0 0 39.8647446470991 0 7.64207184413417 16.2165286421477 0 0 4.27990442827224 -18.8121632546143 -5.65761678596658 0 0 -2.43812915209439 0 0 -25.2727716620133 28.4898023194709 0 0 24.6251223674437 42.7052730218702 -9.99386679739983 30.8310786524403 39.1638629670221 0 -25.3018435465905 0 -31.5436521269334 0 0 0 0 0 0 0 0 0 0 0 0 0 0 0 0 0 0 0 1 0 0 0 0 0 0 0 0 0 0 0 0 -228.697996661949
0 -49.9902566675943 0.559563808613617 -34.9751381150325 0 0 -7.53965962318381 0 -38.6933026293822 0 0 -7.35904842407843 45.8083564123881 -15.5216915485844 0 11.377289472249 0 0 0 27.5961291003281 -30.7533513915769 -14.2935646135991 -20.3781496012963 0 10.7796722330584 0 -12.8115924727099 0 0 31.0247901412088 -39.9765941013428 0 0 0 0 0 0 0 0 0 0 0 0 0 0 0 0 0 0 0 0 0 1 0 0 0 0 0 0 0 0 0 0 0 -652.824248202314
0 -35.262735495716 33.9680785792991 0 0 0 0 0 44.1529312906317 0 -31.5771350205593 14.8782286708684 25.3747341268032 1.92225349685147 0 2.41459013992276 0 -8.7915467174793 -36.8883380562599 -47.9149536857901 37.6041215643801 0 -27.1374219343555 40.3716583374803 0 29.9456089024416 0 -9.42015318029767 22.8864799396664 30.0703582418859 -7.58706666354263 -40.0486989151124 0 0 0 0 0 0 0 0 0 0 0 0 0 0 0 0 0 0 0 0 0 1 0 0 0 0 0 0 0 0 0 0 -33.7580641424678
-44.5191786480234 -32.6413869998695 -7.7784007673027 -20.900664844354 0 14.4928791113429 -31.1800897317353 0 0 46.4361455087653 0 0 13.4351801607146 45.4536647806951 0 41.8244590149073 -35.4654153010997 0 0 0 35.4557350676468 0 3.87361253438637 47.9992079588845 -0.899176547541869 0 0 -37.2344110247572 15.6651390816495 0 0 -24.799556321623 0 0 0 0 0 0 0 0 0 0 0 0 0 0 0 0 0 0 0 0 0 0 1 0 0 0 0 0 0 0 0 0 -12.6367619988049
0 27.8022351784937 3.4863790854807 -31.3946559171466 -31.7403042267053 0 0 0 -15.6322373765437 -20.9071318046285 26.6543209517298 42.6236894759558 0 -10.0322702828235 0 0 41.0390247174526 0 0 -6.39570671428682 19.4913993493537 33.7161891038227 14.6845496394448 -21.2383530892272 30.9646403296765 0 0 15.719699581467 0 42.8698087504281 -24.2725204815486 0 0 0 0 0 0 0 0 0 0 0 0 0 0 0 0 0 0 0 0 0 0 0 0 1 0 0 0 0 0 0 0 0 543.322547088902
-34.6643105880263 -6.31341216711076 0 0 -3.81978500437257 -0.169038884195771 0 9.50036987107818 -19.2970801140911 0 0 4.27729275624387 -16.5803780043129 0 21.8626480497817 -8.89623250273925 0 32.5401324824101 -46.874142505256 12.7894260261915 -47.3102341027426 0 4.27815102211551 -36.303229962719 45.3098516650425 0 10.4765726081538 0 0 -19.4989835663408 -28.5192904218321 22.9716638088664 0 0 0 0 0 0 0 0 0 0 0 0 0 0 0 0 0 0 0 0 0 0 0 0 1 0 0 0 0 0 0 0 -4.26269294438927
0 -5.15572923515936 27.707317160077 43.1005310550495 3.92769382576341 -41.7222191127586 0 0 0 -38.4380621807755 -48.1216287123026 -22.337984425623 13.0956543556236 28.0265640080856 0.247658639431114 0 0 26.4172653945627 0 -8.55643504533962 -13.4512546046412 -34.252411237597 0 16.4805415436991 -40.9202437879155 0 0 -40.021850207421 9.74981556244505 0 0 -16.7531617775809 0 0 0 0 0 0 0 0 0 0 0 0 0 0 0 0 0 0 0 0 0 0 0 0 0 1 0 0 0 0 0 0 -601.586290296532
0 -4.33173133959539 0 -29.3245413751378 0 6.92420423319652 -26.7885136618235 17.3330891412279 0 16.4528679109976 23.3211560971071 0 38.0040332282864 0 45.9621655539487 0 0 -34.694202024214 0 6.35538763919926 -42.3851030735681 -37.4575512682851 -49.8822070702703 17.4110730458641 2.85536505255262 0 46.9246381954695 -32.8140698772898 -42.9652799814891 16.330052715335 27.1275755659162 22.0830931834675 0 0 0 0 0 0 0 0 0 0 0 0 0 0 0 0 0 0 0 0 0 0 0 0 0 0 1 0 0 0 0 0 32.546092163151
-33.8162715576701 0 0 -1.74242009386245 -27.7462305551909 0 0 -39.9432923106365 0 -1.22070443004445 0 -46.6581935473968 0 0 0 0 11.0015565000593 -46.5414551126736 -21.8397074042162 33.3551365006766 0 13.3606003651016 4.99332546530115 -10.3266543984304 -9.54414961703023 -39.5820167297108 0 47.9762856726919 -6.56490534179252 0 0 -9.65908683289718 0 0 0 0 0 0 0 0 0 0 0 0 0 0 0 0 0 0 0 0 0 0 0 0 0 0 0 1 0 0 0 0 -611.754840246545
0 0 0 0 35.0115286602591 0 -47.1693017729401 -12.8297620277426 6.7426869988589 0 -39.1511884408868 0 14.261308832371 -38.1777407271044 21.6415882182778 2.00646422959485 0 -6.77273849668802 35.3109192472024 0 0 -20.4637249652484 35.497334815518 -20.7079286754482 0 -41.6644149539716 0 26.93804394215 47.7924275640007 0 -15.1806193991745 -27.2721110361099 0 0 0 0 0 0 0 0 0 0 0 0 0 0 0 0 0 0 0 0 0 0 0 0 0 0 0 0 1 0 0 0 -537.830826928594
0 0 0 41.1795337847722 0 0 0 -26.1330794650309 35.2284638835864 0 -27.6730336612221 -10.1409813890449 -13.3890708465183 -35.3690583429022 48.437560310207 -4.27741791707643 -4.95889164775081 -42.6945780141721 0 0 -9.69306006503309 -23.8872151850756 28.8291054812644 0.0616690265219155 0 -3.52171049051517 26.5722031094529 -14.2396716316822 0 0 -17.545771896871 0 0 0 0 0 0 0 0 0 0 0 0 0 0 0 0 0 0 0 0 0 0 0 0 0 0 0 0 0 0 1 0 0 -163.483661525479
-26.0526697894781 -10.9224661104465 27.4024092445845 0 -28.4063021399236 -9.10171994130802 0 0 37.1016210962115 -22.553953338543 -39.5857475186381 40.6908532132487 12.770086871178 -43.2297344413026 1.12554694112055 9.95939355478544 34.5483069612661 -34.5070954704634 0 0 49.0034428030459 32.3569818119352 0 -14.3616759020263 4.00236572505154 0 45.2231978541675 0 9.15005502216276 8.35361727614423 46.7848862179037 17.1983133900462 0 0 0 0 0 0 0 0 0 0 0 0 0 0 0 0 0 0 0 0 0 0 0 0 0 0 0 0 0 0 1 0 575.769353672391
-18.999045508782 11.7197037615919 0 -33.4822164411793 0 -34.8864780554057 17.2072652286266 0 23.9876422259568 0 -13.3585560426292 0 27.3386095031934 0 0 41.4971339094603 0 -29.8768636646658 0 0 15.8862155659187 -48.9641619212758 0 23.8679309765287 -9.63530601204186 0 -27.8616427296815 31.6501741025406 -44.1435706456699 40.5982291263602 -44.9742008552574 43.5298994853712 0 0 0 0 0 0 0 0 0 0 0 0 0 0 0 0 0 0 0 0 0 0 0 0 0 0 0 0 0 0 0 1 -84.0379529224052
0 2.52606232746614 49.1040343616396 -18.6458538544797 0 -19.3055578368081 0 -16.5385844621269 0 37.4058068479032 0 -17.2214526910494 0 39.7502414200601 -15.7232373913022 0 0 0 31.2409008313044 0 -36.764870702106 -16.7404429205074 0 0 -19.2665958177313 32.8775257270254 -27.3415326560288 26.7588356409753 0 0 0 -19.2531236778039 0 0 0 0 0 0 0 0 0 0 0 0 0 0 0 0 0 0 0 0 0 0 0 0 0 0 0 0 0 0 0 0 227.556199702016
0 -41.2991931760697 21.1857816817893 13.0354222566983 0 -5.19345287147886 -48.0456466551176 34.6587748736924 39.7748395260185 0 0 -42.9660031332781 -5.64392136626833 24.5868393676844 4.9760746385803 -24.0739761122701 0 0 -40.3100534902251 -22.6463848630372 -46.3709612630542 8.22035055244571 0 7.00465717836942 44.6002495856071 -26.4835694151053 -42.3033354775174 0 -35.7284455932357 0 -1.66755720185824 0 0 0 0 0 0 0 0 0 0 0 0 0 0 0 0 0 0 0 0 0 0 0 0 0 0 0 0 0 0 0 0 0 -1193.83978966642
49.0711161592755 0 0 0 24.2333044168173 0 0 17.2812067493572 0 -0.287422477837018 -37.1510972651323 0 0 -28.3287089159022 0 0 -25.1324285200345 -6.77786111804977 23.1072871899254 0 40.9266389194871 -48.9724380670963 -1.73811539163983 0 0 30.3282946712292 0 0 21.1762040065514 5.36371652052126 -6.82297596381495 0 0 0 0 0 0 0 0 0 0 0 0 0 0 0 0 0 0 0 0 0 0 0 0 0 0 0 0 0 0 0 0 0 206.89834689178
0 0 0.0428139838101638 0 -11.0065385286649 -20.7227374711159 -26.3831266027363 -31.1624714339937 19.263668874472 0 0 0 0 -1.79344997976896 0 19.7717955684736 -26.3943075013012 0 -0.14171389509362 -40.7043079735084 0 -22.4568734285838 -9.12887425421283 -9.90593081802795 0 0 -24.3466981844206 0 -6.15915667234755 -35.9764947871935 17.2234693621281 0 0 0 0 0 0 0 0 0 0 0 0 0 0 0 0 0 0 0 0 0 0 0 0 0 0 0 0 0 0 0 0 0 -925.161244008439
0 -43.111473824193 0 -10.4056767470196 -5.57415651987949 10.7798068470117 20.315869942845 0 22.2003598927792 44.3112060998969 0 -49.1459381072416 0 0 -28.6949886739966 -37.1068522749853 0 0 0 2.75980394375802 29.9841714098859 -38.5398234848562 22.8731445456679 0 0 0 14.086278124403 36.8154193117626 0 0 -46.985646738379 0 0 0 0 0 0 0 0 0 0 0 0 0 0 0 0 0 0 0 0 0 0 0 0 0 0 0 0 0 0 0 0 0 -660.606057109112
-15.9714121509742 13.4120489234954 0 0 0 -31.8414525909072 0 0 4.75558051658719 32.4535229810262 -34.6843207912817 0 0 0 -32.8208929667717 0 -5.301147191635 31.7205298875986 49.3923302971694 0 0 -0.0463560627333881 -29.2918220984776 11.8333158996291 7.99936079868561 -22.0179680668199 -7.86659655491832 24.4586445053416 37.6150619992475 -2.11983486755698 48.5895825684118 22.7959701208323 0 0 0 0 0 0 0 0 0 0 0 0 0 0 0 0 0 0 0 0 0 0 0 0 0 0 0 0 0 0 0 0 60.5730465908442
0 0.442165504802017 0 0 38.0446754512153 0 0 0 -23.4277096700202 45.0098346418413 0 0 -30.4291472489403 42.8071492504936 0 42.0419504260047 -9.96186451769061 44.3987100299546 0 35.9625177388006 -47.4850543926947 0 41.4291589084006 0 -27.6392851084607 0 47.7405709538704 -40.1485543464693 -1.89743270025871 32.8536115945407 0 0 0 0 0 0 0 0 0 0 0 0 0 0 0 0 0 0 0 0 0 0 0 0 0 0 0 0 0 0 0 0 0 0 1003.74604192768
-39.1776433784112 0 -44.3292957736771 -49.969068693829 0 0 -33.4066314245479 1.00987003139559 0 -40.8782650934325 0 0 27.0855291804933 0 31.7062994359549 0 0 0 10.1319105805075 0 -12.556543494849 0 -37.3193205613093 0 17.4495991092855 -3.28763247604057 -1.93246420765278 0 -37.1404964745934 14.1916550206506 -21.6028732957686 2.49417726722428 0 0 0 0 0 0 0 0 0 0 0 0 0 0 0 0 0 0 0 0 0 0 0 0 0 0 0 0 0 0 0 0 -952.962062411355
7.11176412068565 -36.710359706759 0 0 0 0 0 25.7259490602735 0 -10.2565554628218 45.1781808022451 -45.3692488695736 8.80699746956627 14.6572985968637 38.3975058831904 -44.7796565561596 0 -28.0709205605335 -6.0912930605441 -23.2628182491674 0 12.3519578460201 0 -1.69615194613675 -22.7216300543906 25.8508775913413 -11.0975470117387 0 0 0 -6.46703417508601 0 0 0 0 0 0 0 0 0 0 0 0 0 0 0 0 0 0 0 0 0 0 0 0 0 0 0 0 0 0 0 0 0 -131.327089030236
-32.4511416502071 1.83361729310225 44.0141210780484 26.8404183227294 0 -9.08401316236744 10.9850208170135 0 -21.504326588985 34.4603636459379 -33.6874505980654 24.0308713044109 0 -23.285673714653 0 37.8367057290445 0 -15.4446137967291 0 -0.807373426576607 -25.4041065241464 21.7640219140019 0 0 29.7762939015785 0 0 0 -40.0837253665526 0 0.25618372716959 46.3555176579891 0 0 0 0 0 0 0 0 0 0 0 0 0 0 0 0 0 0 0 0 0 0 0 0 0 0 0 0 0 0 0 0 720.450322460615
24.1107818948351 23.2835307357134 0 15.0457836395725 0 0 0 -39.3827548092221 0 30.7683742647412 17.0486537807021 -42.1749228930484 34.1482138967129 44.572970491313 0 -23.4289399273779 -36.9205826290377 24.855489186443 -29.556713617565 0 13.6089528212129 1.83351639712952 0 17.0159543351906 0 0 0 0 4.34825930050423 45.0393033513371 -1.89508983128908 -46.5934425202546 0 0 0 0 0 0 0 0 0 0 0 0 0 0 0 0 0 0 0 0 0 0 0 0 0 0 0 0 0 0 0 0 510.560396049026
0 41.3205484989057 -26.1481645322289 0 0 0 -31.7518937607301 -15.0814264210143 0 19.6302051362919 9.81580654521506 5.79113796653485 7.49671036628348 0 0 38.8581705059036 -46.2586146385709 -19.4692972780199 7.6375940217834 10.4835337908077 0 0 0 1.32246664918978 45.2668102715067 -15.6308834904327 0 0 0 -2.6741222082054 0 1.70205478627813 0 0 0 0 0 0 0 0 0 0 0 0 0 0 0 0 0 0 0 0 0 0 0 0 0 0 0 0 0 0 0 0 452.200597178363
-33.5517744811208 0 -38.968099420609 13.3318903268937 0 0 47.5806563211349 0 8.66337944112581 0 0 0 0 33.3764692765887 -45.015620207675 -19.2018534359324 -11.3578705409573 4.74814524758195 0 0 -10.8691331484641 -9.63902307689455 -29.9328219625299 0 0 -3.69101370387553 0 22.3478152496297 -26.3645180715877 42.5192813778895 0 -6.11080870178609 0 0 0 0 0 0 0 0 0 0 0 0 0 0 0 0 0 0 0 0 0 0 0 0 0 0 0 0 0 0 0 0 -396.871923548095
0 -44.1222045076351 0 0 -14.9956604395376 0.37552714648208 0 0 40.984692465095 -28.7122891367914 9.31074053871389 -22.2542025532809 42.2305878290881 -47.0983930621869 0 0 -45.4835119250239 18.1992209851025 11.4555682032215 0.0284822969137677 0 0 23.6527245518407 -27.4505153003219 -21.1515343406912 0 8.03577177063818 0 0 1.75960090896595 -25.2657407358773 0 0 0 0 0 0 0 0 0 0 0 0 0 0 0 0 0 0 0 0 0 0 0 0 0 0 0 0 0 0 0 0 0 -744.232559663747
-7.25769988996602 0 19.6437720201495 0 0 -32.7118793374263 0 -18.432715758614 0 0 23.2575419088805 -19.8719256085776 0 -9.25398049799849 12.9153182249645 4.684283972627 22.0333422091281 32.9101164753194 -41.1018819975971 37.0734936374728 41.130717591461 -18.684589915827 0 -45.6174338135067 -4.22141299314869 -35.7225769141831 0 0 0 0 -18.8392756280166 0 0 0 0 0 0 0 0 0 0 0 0 0 0 0 0 0 0 0 0 0 0 0 0 0 0 0 0 0 0 0 0 0 -420.146053526644
0 -33.2554946534946 39.4936122194033 0 16.2078278446769 45.3830250893838 0 0 48.1914391367758 9.24676074806988 0 1.36730516546715 33.7281232529836 0 -21.5981648524125 -31.4053086508425 0 -49.6858840396511 -43.008506755907 19.7097020211173 47.0476689013049 0 -30.2495761791166 -38.5229282126361 0 0 25.011263237017 38.3547306040653 0 0 8.30361120986833 48.9246835453939 0 0 0 0 0 0 0 0 0 0 0 0 0 0 0 0 0 0 0 0 0 0 0 0 0 0 0 0 0 0 0 0 1033.30183374327
0 0 -3.66455515140429 0 20.7371784338154 3.02743140859346 3.65415824270203 0 0 -19.1021728366711 16.0724197913354 9.12264545499685 -21.7053534201063 0 12.7575731992858 -34.0077849051337 -22.1329466600723 11.1356661822212 0 -17.9509079470233 0 38.3210413497534 42.3966272859436 0 0 0 0 16.4735912346346 -23.5469235998199 28.7287542688661 0 0 0 0 0 0 0 0 0 0 0 0 0 0 0 0 0 0 0 0 0 0 0 0 0 0 0 0 0 0 0 0 0 0 203.060503392899
0 0 39.909833243677 0.24071979913145 5.16999158187661 -4.25758677696175 -10.6252413412993 48.5909952792948 -34.8623822401883 0 0 24.6716780393539 0 0 6.99717720890082 -48.9406550946272 0 0 0 0 0 -46.0988202806446 -11.5597206789776 -38.725344325336 -35.8119695486243 -36.4385752486774 -10.0151868805371 34.83604127218 0 0 0 -2.54732256408281 0 0 0 0 0 0 0 0 0 0 0 0 0 0 0 0 0 0 0 0 0 0 0 0 0 0 0 0 0 0 0 0 -1099.85304906774
-7.18275376351011 24.6459366993861 0 -14.2559547007795 0 0 43.5736394772242 38.4832010753639 0 0 0 0 20.6647314278169 0 -14.8563407484785 37.9272794708529 10.8812488360809 -19.092503965125 0 -19.6760836177444 16.2661935263224 0 37.6336584134048 0 -48.583646889385 14.639949105579 -12.1086299712069 0 4.19158945707635 0 0 43.4047697841514 0 0 0 0 0 0 0 0 0 0 0 0 0 0 0 0 0 0 0 0 0 0 0 0 0 0 0 0 0 0 0 0 1173.24015572036
0 -7.32886493038499 0 -6.26146865826767 4.1664152283407 -36.3612702725634 11.6730815541552 0 42.3693669347528 17.9998694902325 -46.5863534964133 -24.9650983193807 -23.282990292802 0 23.6795019241873 -34.0667929963032 0 45.0064800141387 -36.4901383802736 -24.9434586397817 0 0 -12.7676972404375 11.1317464148757 6.93449417011527 0 1.90536069718279 0 0 46.4353869747215 0 -24.4833521490755 0 0 0 0 0 0 0 0 0 0 0 0 0 0 0 0 0 0 0 0 0 0 0 0 0 0 0 0 0 0 0 0 -863.023452720449
-12.6961377008112 -23.9709609634155 37.2961219176947 0 -14.1428912757018 38.3795947110378 0 0 0 0 11.4937096661851 0 0 -34.6803467810525 0 -37.3721366139314 7.24274852853732 0 -39.2202362203018 0 33.3495800001673 6.5055241436095 40.9514054365248 0 0 -21.5090851039929 -8.6569468558625 0 0 35.7434509069202 0 0 0 0 0 0 0 0 0 0 0 0 0 0 0 0 0 0 0 0 0 0 0 0 0 0 0 0 0 0 0 0 0 0 -318.350596163682
0 0 0 0 0 0 20.5471135871341 0 -42.5922137445926 0 -31.4545662138856 -33.0838340723718 -34.9568825931208 0 49.0420841373653 0 0 0 6.68035850313203 -21.9063658173718 0 13.1102972917478 1.44008014650404 37.2673718269936 -1.64812388685116 1.41691276137609 13.3036944389525 44.6964704564618 0 0 0 -32.0809854375838 0 0 0 0 0 0 0 0 0 0 0 0 0 0 0 0 0 0 0 0 0 0 0 0 0 0 0 0 0 0 0 0 154.617831907392
0 0 11.7796515006998 40.4872073584332 -43.6317734743598 -20.0514910005989 -42.9609511534862 46.6093020309445 -20.9434996404856 0 -7.37622897451493 -24.5318307804656 0 -28.3995380856833 -16.596918334452 -32.0744998441199 -12.7874021194299 0 7.51746540486871 44.7591924629591 -2.48316519043541 17.3071433127074 12.4549341869858 -2.645547021118 0 -34.5074479691167 -37.8886081249097 45.0901197329603 0 10.7288727647631 46.086771933284 -16.0603862441177 0 0 0 0 0 0 0 0 0 0 0 0 0 0 0 0 0 0 0 0 0 0 0 0 0 0 0 0 0 0 0 0 -1263.21702786739
0 0 0 0 -40.0293125282037 0 12.9555578170786 0 0 0 0 0 18.0621031937741 1.32821793765971 -17.6501101683268 38.182354242602 35.4291281063677 20.1459088402086 0 39.1738896578082 0 0 18.3137201480694 0 -5.98697114843046 0 0 19.4583964981901 0 -2.95994741955503 46.9903600420766 -32.3249063913047 0 0 0 0 0 0 0 0 0 0 0 0 0 0 0 0 0 0 0 0 0 0 0 0 0 0 0 0 0 0 0 0 518.87061155391
0 0 0 -46.5966634674081 15.1311056278763 0 0 0 -13.091129626058 -43.9987123105546 0 8.96984364030984 0 25.1756426436767 -38.565612812767 0 0 47.4828734267041 0 0 37.8263450622804 -6.29058887912393 0 9.25867686411983 0 0 48.3594913475575 -12.9221825744029 0 12.9224251619144 0 12.2194724867159 0 0 0 0 0 0 0 0 0 0 0 0 0 0 0 0 0 0 0 0 0 0 0 0 0 0 0 0 0 0 0 0 419.629204666707
0 0 0 0 0 0 0 0 0 0 -33.2726926833729 1.97584208228154 49.7684433335399 0 0 0 -46.0976956487507 0 0 -8.42935457116353 32.9593321797591 -30.7212099813516 0 -32.185874296699 0 -20.0445573670108 0 -24.4356303941247 -36.6284168936748 -25.5875351877443 14.2349904717729 -17.1851525218985 0 0 0 0 0 0 0 0 0 0 0 0 0 0 0 0 0 0 0 0 0 0 0 0 0 0 0 0 0 0 0 0 -615.415836734512
49.1724088581079 20.9319258551335 -26.851964884534 0 0 0 -17.6178274555946 0 -42.5894116957193 46.2025692053757 -44.0584072022195 0 0 0 -45.2341566747211 4.4640063469823 0 0 0 1.0055804582693 -30.4596388482486 -31.1515765960624 -23.1051234600764 -6.18864803710808 18.6821143185414 10.6766619480285 46.0408547902325 -17.2022361404095 -21.9138122125885 0 9.59144197472458 48.7918436356182 0 0 0 0 0 0 0 0 0 0 0 0 0 0 0 0 0 0 0 0 0 0 0 0 0 0 0 0 0 0 0 0 -85.5750198478241
-19.6002636697499 -14.1103581599572 0 -47.4998871500986 -29.1219171035412 -34.5375895672031 0 -27.1777776841257 -14.2394348882428 -14.3970443685963 18.268598680846 13.644539867668 0 0 0 7.94395295100423 -40.9538088231224 -41.5563868968737 0 -2.14169773990762 0 32.4506567362098 0 44.4068293679442 0 -27.3511711449244 19.4830254618356 0 48.0316192285717 26.3103358177148 -34.9573138047721 -13.7571658744787 0 0 0 0 0 0 0 0 0 0 0 0 0 0 0 0 0 0 0 0 0 0 0 0 0 0 0 0 0 0 0 0 -680.864297691005
0 0 16.0057358057235 0 0 -5.98776541159896 0 -12.367428931938 0 0 33.4875158082179 37.3099280361239 0 0 -6.26409958590376 0 30.1290255898664 0 26.6374553273126 -31.1580074960097 44.5891698640268 6.1916602311913 -23.8634629265314 -36.8518743496261 0 0 0 16.1299562421162 -22.8579184582811 0 0 0 0 0 0 0 0 0 0 0 0 0 0 0 0 0 0 0 0 0 0 0 0 0 0 0 0 0 0 0 0 0 0 0 56.8501725762747
1.52754282088561 -28.0419394651011 10.3630886117279 0 -23.0817453221585 -32.9363805153852 0 0 0 0.630444208477998 -6.93424358664806 0 0 0 43.6781579576479 0 0 16.8459562654483 -46.9813831422652 -23.6955088660813 0 -6.56162174517082 -29.3981897402818 19.9996335191956 0 42.0592214210779 -49.1922214483046 0 29.4627021466435 -0.231449312567056 0 28.113961516382 0 0 0 0 0 0 0 0 0 0 0 0 0 0 0 0 0 0 0 0 0 0 0 0 0 0 0 0 0 0 0 0 -145.994323498639
27.2659427818407 47.9576692983791 0 0 -11.0660001364049 48.7292206928752 37.7664032470368 0 29.1480214085659 0 -15.6108314925578 27.2982118842265 -11.7465324164531 -17.8919764327983 23.6295185688037 0 24.3262689580037 0 26.3692173470943 21.4331881846588 33.688949733721 0 -13.2271075776122 0 -27.140400555571 -0.895753658792287 -45.7523633553631 0 49.518972128634 32.9039659275627 0 0 0 0 0 0 0 0 0 0 0 0 0 0 0 0 0 0 0 0 0 0 0 0 0 0 0 0 0 0 0 0 0 0 1072.67598658123
-5.19478616670408 0 39.7267409411169 -5.1789295219459 40.1793075762941 0 0 38.9682344676361 7.56965806367945 -17.2591943348705 5.81346678252618 0 0 32.0980343172507 -42.6058368379398 26.3956322115015 20.1017448398373 0 0 0 -27.1704427682145 -46.7875915434642 15.6902966354279 18.7670021306479 0 -12.3472000486358 -3.15611168528235 0 -23.554424804262 0 10.2745214418467 -13.4420860024083 0 0 0 0 0 0 0 0 0 0 0 0 0 0 0 0 0 0 0 0 0 0 0 0 0 0 0 0 0 0 0 0 319.089502099307
7.4613777767269 35.3793488777912 26.773916820645 52.6332093981206 26.0928613010122 33.3483788848532 31.0547340095495 80.3596842647337 6.87676437777819 19.9141524535402 -40.6851902602185 -19.22554420672 -12.2640861149598 -14.1895696022734 8.23394730122616 -0.80865816036827 60.0424961886727 -11.5947151848335 23.187621016337 60.4022819346316 -10.8349816832007 -36.5040728438517 -56.7904006071494 81.0374299184184 -13.6290773835556 54.9719302574921 -18.9636812065943 22.9163526722857 64.6460587045505 -25.6357140790774 43.1380314051735 -4.51095147070147 0 0 0 0 0 0 0 0 0 0 0 0 0 0 0 0 0 0 0 0 0 0 0 0 0 0 0 0 0 0 0 0 0
