-14.0981308189439 -25.171344940507 13.1385676463275 0 3.25067783539865 0 -30.7710268241536 30.4388355190472 0 0 -35.6672529617972 0 -32.5055279424099 12.3833403156996 0 0 0 0 0 0 30.5697849157796 0 0 41.5691354047803 19.0333167373736 8.96096795945067 -46.8819956342193 -38.6137520773323 3.3692954788709 0 -13.5531102140403 0 1 0 0 0 0 0 0 0 0 0 0 0 0 0 0 0 0 0 0 0 0 0 0 0 0 0 0 0 0 0 0 0 -184.459329622795
11.9208411059768 0 -3.03434616652851 0 0 31.1890184644201 2.77401283000666 0 -33.652385292441 0 0 0 0 -45.7519684739687 17.8148471654223 -36.3074109845642 0 44.8336918144789 -37.7075097620062 0 0 -6.66252679924563 0 0 0 0 0 -26.9516316096516 -47.5156059407965 -16.9987461546832 0 0 0 1 0 0 0 0 0 0 0 0 0 0 0 0 0 0 0 0 0 0 0 0 0 0 0 0 0 0 0 0 0 0 -1073.16628145877
-5.54822158127741 11.9564435967015 0 -17.027501820724 -43.3597826476429 0 0 -7.45155864041208 17.4045237837956 -23.2759621761769 -6.01095204477696 -37.6502179724691 -40.3329381691843 0 17.0686881705399 6.15375525633687 0 0 45.4568443088611 0 27.6355123173528 0 0 0.645318021923458 -45.6698222666928 6.14508483610345 -3.10970029681114 0 23.0502556287893 6.56221735029779 0 38.046424538365 0 0 1 0 0 0 0 0 0 0 0 0 0 0 0 0 0 0 0 0 0 0 0 0 0 0 0 0 0 0 0 0 -65.1610298189982
-47.9359933211572 32.0407674732756 -13.091805485306 0 -17.6170634344665 19.209508755917 0 31.1432490946955 -14.7249883390053 0 3.02254997598258 45.3021174884961 47.3868360422051 -48.4165618508065 0 -7.47167414915794 33.0036677725555 0 19.6759733664692 0 -16.7147529973654 0 0 -20.6845713540232 -48.6357761084356 -26.2807326203988 -3.33438205478643 0 -36.405654520077 0 0 -28.3070293635847 0 0 0 1 0 0 0 0 0 0 0 0 0 0 0 0 0 0 0 0 0 0 0 0 0 0 0 0 0 0 0 0 -989.426183999888
0 0 0 0 29.2203345738857 0 -16.0730080094608 -24.7135619798078 43.5436248132222 -33.2362600815515 -17.0189684615272 -30.4839970521505 0 -31.6370650776545 44.8536900505737 30.2770771557974 0 0 27.39288366107 0 -28.373741950188 0 26.5431178260064 14.0616856824321 24.3301427916342 18.6737271916843 35.2158960700356 -46.888366009277 0 0 0 0 0 0 0 0 1 0 0 0 0 0 0 0 0 0 0 0 0 0 0 0 0 0 0 0 0 0 0 0 0 0 0 0 13.9395681518612
0 0 8.11372156377255 0 -18.4455441547248 -33.5052836431254 0 0 0 0 -47.7049337855658 0 0 46.1734261308606 0 0 0 43.3761170676118 -22.3545844135772 47.0490255313364 0 46.1766343350045 0 40.8795077222338 36.025178325033 0 -40.0270290507287 8.62144317846282 -44.8147260919414 0 0 0 0 0 0 0 0 1 0 0 0 0 0 0 0 0 0 0 0 0 0 0 0 0 0 0 0 0 0 0 0 0 0 0 481.204991925068
0 0 0 49.5737945288823 37.7934087379193 0 0 7.66012512671694 -45.2245836268314 3.76115709889472 0 0 0 0 0 0 0 0 0 -20.837331339611 0 -14.386686497801 0 0 0 0 0 0 0 -49.7237913030542 16.6270339650673 -20.73809153936 0 0 0 0 0 0 1 0 0 0 0 0 0 0 0 0 0 0 0 0 0 0 0 0 0 0 0 0 0 0 0 0 -664.446851658457
-35.5406376017206 0 13.4905349117009 0 0 -37.8260639949659 -45.4365693610801 -28.8648652250696 -25.5883610608272 26.067014896449 19.7033492944138 0 15.0438059538523 0 0 0 8.44361934418203 34.7196583974165 0 0 -7.00036261349658 -21.9635862908008 6.77122979263629 4.49160493871552 0 0 0 14.4602874249928 -45.0686896543059 0 26.0946674538788 0 0 0 0 0 0 0 0 1 0 0 0 0 0 0 0 0 0 0 0 0 0 0 0 0 0 0 0 0 0 0 0 0 -528.124141200795
-26.1077471662693 0 0 0.350459456517527 4.23835726895488 42.4593101510027 40.6590004230499 -5.92540414340249 0 11.4096503810107 -18.6504956147974 -14.949410757741 -17.9635416738392 38.8657568220668 0 -31.4387187746698 0 0 0 -18.7736192056522 -43.7110638154284 -14.976364318723 0 20.215697536271 0 0 0 42.9115565867613 0 -41.322872963976 3.73358149678165 5.936276511934 0 0 0 0 0 0 0 0 1 0 0 0 0 0 0 0 0 0 0 0 0 0 0 0 0 0 0 0 0 0 0 0 -463.43061083715
-30.9271569409767 0 0 -49.5185328560373 -31.1384062046773 -12.5767851409521 0 -16.2069029966921 0 32.6459575582159 0 13.815396983508 -41.6456829317446 -40.3815997625706 -26.3325162211214 -22.2942090597838 -38.8215554641047 0.779836581352966 46.9313940897765 -39.3609655372963 0 43.2963149999421 -17.3369479326261 -22.0880670975976 24.4490242445723 12.5331478317586 -45.5356512700939 41.3759809412287 -45.2940341080086 39.0667110365324 -2.27976295381294 -27.0071313542923 0 0 0 0 0 0 0 0 0 1 0 0 0 0 0 0 0 0 0 0 0 0 0 0 0 0 0 0 0 0 0 0 -1579.35639552047
45.6301272481876 -13.2557487612347 -14.5509539258434 0 -42.2865222215585 0 -32.6221253175804 0 0 0 -0.270140575610522 38.2164364933334 8.98057211001468 -29.4345455005902 17.3512602974994 -41.105557498513 0 -23.897244057259 -43.7706491262882 -6.842035919343 -12.7046046886228 21.8947023181649 -23.7976662631537 -12.9389622595898 -32.6009768550459 0 0 30.073518822185 12.4684646791646 -45.2482712176892 49.0217901220531 1.12364349204629 0 0 0 0 0 0 0 0 0 0 1 0 0 0 0 0 0 0 0 0 0 0 0 0 0 0 0 0 0 0 0 0 -104.151258240669
0 -42.0355431833925 0 -27.7561778004704 20.9148779000637 0.885855759051812 21.0890301404316 -38.4509918653644 10.0423769637458 0 18.3607512023606 13.2452109225423 0 13.0550073992066 9.72068692270625 -38.5151436399797 0 0 6.29868809110475 0 -46.4378263052818 3.07293386209253 0 0 0 0 0 8.50261397638901 0 -36.165429068607 36.5107110603254 -49.5408362394311 0 0 0 0 0 0 0 0 0 0 0 1 0 0 0 0 0 0 0 0 0 0 0 0 0 0 0 0 0 0 0 0 -692.59450800729
0 0 0 -23.7171582119495 -44.9358336253501 0 43.5411746139433 15.6882077041246 -10.9495813461331 -49.4088486175196 0 8.79451989099095 -7.2021969327566 41.7076690960953 -42.0212568852377 -45.2406450511911 -30.5490761666414 -39.870588334423 20.1503291415249 34.5277842397467 -33.6469838877837 -42.283253206663 0 0 -45.5389787332193 23.2323393365683 42.8410515039488 0 0 0 0 0 0 0 0 0 0 0 0 0 0 0 0 0 1 0 0 0 0 0 0 0 0 0 0 0 0 0 0 0 0 0 0 0 -523.917867619563
0 0 0 0 0 0 0 -6.10208241570501 0 -39.2099733004384 -8.89921477925226 0 0 -25.6445538359776 0 0 0 0 -37.1277222074145 0 -36.7679249442215 24.4482585153829 -34.2943639810266 -40.8160039848512 0 -32.3595071816639 0 39.8714179960422 0 44.8902954238019 -38.7855438615256 0 0 0 0 0 0 0 0 0 0 0 0 0 0 1 0 0 0 0 0 0 0 0 0 0 0 0 0 0 0 0 0 0 -1010.03520033887
-35.6455404087637 0 0 5.82705214008439 -12.2473654260235 -30.3348998796653 0 0 -11.5080228802951 10.1429153607064 -23.8545740382709 17.5062724218399 -36.0019613521863 0 32.3565636723104 -20.786356610001 42.1827221311022 37.3665454148565 48.2826553323057 -20.9581047181025 -43.0074383402037 -45.1047830756862 15.5052685289549 39.883845827191 -44.3083724540917 0 -29.5183166237567 -18.6157222671669 0 0 -45.529854713909 -39.1433298928387 0 0 0 0 0 0 0 0 0 0 0 0 0 0 1 0 0 0 0 0 0 0 0 0 0 0 0 0 0 0 0 0 -1606.09879465559
7.12318623181943 0 34.4836982527156 20.2404115271394 33.4097427968432 0 0 41.630771301588 -18.2287569529189 0 0 0 0 6.84985417060825 -1.18300998095041 0 0 0 -38.6085613473976 0 -22.4033818310461 0 0 0 -4.17464737406037 -49.3258838490029 0 -37.2436794975804 0 11.4109656811431 13.9154417650518 17.2982472921661 0 0 0 0 0 0 0 0 0 0 0 0 0 0 0 1 0 0 0 0 0 0 0 0 0 0 0 0 0 0 0 0 72.25102461505
0 0 0 43.7685827956315 0.850312901782235 0 -38.3581449219559 0 -9.92109760144966 -42.1869886664143 45.2397084171707 29.5763045602214 -27.8330867206186 0 42.4516726240244 2.10481163947732 0 0 -27.6789501716749 0 22.0117446782048 0 0 0 35.8221121274595 0 -41.1079772269088 -0.440925986050689 0 0 -5.53938883899282 16.5764518972347 0 0 0 0 0 0 0 0 0 0 0 0 0 0 0 0 1 0 0 0 0 0 0 0 0 0 0 0 0 0 0 0 427.21840703649
-10.9588573265194 11.2273682099457 3.06897710407497 0 -28.2305380537146 18.7469571954635 28.6238735091507 29.418670239028 -32.8744037261269 0 3.26365673113911 -9.39072919764823 22.8129581960532 7.70223319583712 34.2081803053628 48.9754877293044 34.4156996063612 23.8799380587193 0 46.9055705991423 -1.28245841677188 -7.37635243131584 -16.043309103406 23.813260925994 -42.4300320946821 0 -2.99872171827362 48.6862755754845 -17.8318013320969 0 -31.2100827603352 16.4855099169898 0 0 0 0 0 0 0 0 0 0 0 0 0 0 0 0 0 1 0 0 0 0 0 0 0 0 0 0 0 0 0 0 587.121634925857
0 21.3984836578643 0 -10.3138852186376 -45.97789995344 40.0402473567072 -15.4448222584056 -23.6487075848953 -22.5238636722256 45.2436466116075 -20.5715579750766 0 -37.1024683031982 5.98272241529711 -19.5603408409418 48.445463350525 -47.8653539651726 0 0 45.6100416301486 40.1497949164597 6.60907769121961 0 0 0 38.6419318213124 21.1550960722027 -48.2083253629222 0 0 0 -20.9540143405117 0 0 0 0 0 0 0 0 0 0 0 0 0 0 0 0 0 0 1 0 0 0 0 0 0 0 0 0 0 0 0 0 633.335698508045
0 0 0 0 -22.6458555038714 0 -20.790241281538 -3.75528192397295 0 -47.5370377216882 45.4234170056446 0 -49.6187550417723 0 0 -4.60929657590718 -33.8279701177596 -27.3144105156014 0 0 2.8484339430953 0 40.5800081472761 -7.64496347093269 26.6404206458695 -25.0762591787873 0 -40.3517675091146 0 0 0 0 0 0 0 0 0 0 0 0 0 0 0 0 0 0 0 0 0 0 0 1 0 0 0 0 0 0 0 0 0 0 0 0 -558.468510047767
-40.2302630286493 -9.09348405887773 1.44738538611054 0 0 -36.609867681196 49.5318381022207 16.5005655813346 -19.477965645288 0 0 35.3899670799407 -38.1066389932045 0 34.473257396271 0 8.41126042460967 -26.9233579035895 -39.2947049270137 44.8140268463575 -11.3033476765112 0 -48.1294123851425 -42.2811964835224 -16.1401603338153 -5.27069591924291 0 12.3979072564232 0 0 -10.4031620565212 0 0 0 0 0 0 0 0 0 0 0 0 0 0 0 0 0 0 0 0 0 1 0 0 0 0 0 0 0 0 0 0 0 -736.559852566579
0 -23.6762679339711 0 -47.9753246905897 -27.4193092732263 -39.1131801345266 7.6453970474516 -24.2982835870848 20.1850967714788 0 0 -24.3603549078286 0.85126513989936 0 0 -8.48597649381602 -10.1777331759565 0 -21.4118399301964 -27.2855390562652 -45.2073497999623 -34.9283363499316 -28.2207327982182 40.2362752280276 0 0 -33.3039161203192 0 -29.8484558578543 15.0044773835911 19.2706459366627 5.8750508394408 0 0 0 0 0 0 0 0 0 0 0 0 0 0 0 0 0 0 0 0 0 1 0 0 0 0 0 0 0 0 0 0 -1577.25177032548
0 32.2057553527206 -42.391172337141 0 0 33.614131567475 0 0 -17.5644776789792 -24.9152689365254 0 0 0 -2.50851124712725 0 0 0 -7.0165028759499 38.5737283572461 7.95311319796439 -10.5099888410807 -41.3913856460326 -16.1229049174544 45.0415307769429 -37.5640384988499 -44.6256776748051 0 -41.1392220080096 -31.2515668163672 32.4789845169922 -41.5768222944002 39.7300449242957 0 0 0 0 0 0 0 0 0 0 0 0 0 0 0 0 0 0 0 0 0 0 1 0 0 0 0 0 0 0 0 0 -558.994404785506
0 41.9202109075025 0 25.7820839191456 12.1033217381422 0 31.5474979907742 49.1205357931344 0 5.86606694908441 -17.3783097452121 0 21.8666352169434 -12.7385727084054 0 0 -6.65653987211187 44.6075116305992 17.1373931234434 0 -8.27393516180215 -23.1149430342417 0 28.7465677427161 10.4631917415919 0 0 0 -32.0567293132183 43.6828695940293 0 44.3617574807303 0 0 0 0 0 0 0 0 0 0 0 0 0 0 0 0 0 0 0 0 0 0 0 1 0 0 0 0 0 0 0 0 764.805467330183
-11.5946712100309 0 -37.7338985096024 0 0 0 48.5819379286446 0 0 1.49496987346606 9.3505064835835 0 0 -13.9109006175787 0 24.3704329402845 -11.861314412043 0 0 47.7111406157274 -32.4421774416853 -12.8382179012386 2.86695407501568 0 31.9811989881697 0 16.6279867127527 0 0 0 -21.0817644778075 25.6495522338241 0 0 0 0 0 0 0 0 0 0 0 0 0 0 0 0 0 0 0 0 0 0 0 0 1 0 0 0 0 0 0 0 148.630322889573
0 9.76020986500907 36.6946224664048 0 -34.5909414727102 0 38.7380286636853 0 18.9880693620976 -5.37760178644533 20.5546423116665 -0.212996247913189 -27.4754214752398 -26.5910588539755 0 -46.0665422497641 25.4195677890299 0 37.4790395739943 -32.556087628844 -2.52574244704941 0 -46.3145032087707 17.4341904633179 46.0786947383952 0 23.6503090840592 -22.8725353181584 0 0 0 0 0 0 0 0 0 0 0 0 0 0 0 0 0 0 0 0 0 0 0 0 0 0 0 0 0 1 0 0 0 0 0 0 -355.241316597021
-22.7857681800581 -24.0356968990767 40.2347500684014 0 0 19.2988680776729 0 -28.0637022201817 22.6129504592238 0 0 0 42.4110070328131 0 -17.7614953076111 0 0 0 0 -49.2516918772104 -39.2648068164793 43.6099750528161 0 0 0 -3.99583582946773 -20.7574195570984 -38.0508332153593 -47.5206794670646 0 0 27.1280466654647 0 0 0 0 0 0 0 0 0 0 0 0 0 0 0 0 0 0 0 0 0 0 0 0 0 0 1 0 0 0 0 0 -82.3597889038269
-10.2985845095166 0 -24.7133116601806 0 0 0 -6.27174218476054 0 -29.9156136958495 -42.8882838968275 49.7280052158727 -27.3459754616675 0 -13.1146330895578 0 0 34.9616054901515 0 0 48.2980945296655 0 37.8371549087555 0 0 16.2327503827846 -7.47460506672801 21.307006368458 28.5775430914704 -11.6496074597219 24.2566740307854 -10.8493912157436 27.8234439249052 0 0 0 0 0 0 0 0 0 0 0 0 0 0 0 0 0 0 0 0 0 0 0 0 0 0 0 1 0 0 0 0 445.613675302196
0 -39.5260650521001 0 0 -34.0642097453625 -20.1686925560155 0 24.5190671668429 12.3063135140479 -32.7070431205091 6.04751777075259 0 0 0 1.79574042644315 0 0 0.460158074890116 45.0901388768082 39.4084562325106 -33.5118106835826 -10.0151213902701 1.43001069403922 0 -10.4964657292537 0.73457752112247 0 26.1906457914729 -12.6544679138727 23.7594247450505 0 -47.6232308495025 0 0 0 0 0 0 0 0 0 0 0 0 0 0 0 0 0 0 0 0 0 0 0 0 0 0 0 0 1 0 0 0 -524.083679766851
5.22604377603123 0 33.451165772144 0 0 0 -33.74037011653 0 0 -37.6086904104836 32.5647882757455 -20.3460422177347 30.4459825758764 0 17.8348030108422 43.6122690925146 0 -37.3583897483447 -10.358355819233 0 0 0 0 0 -7.56862183304402 -17.9478966489708 44.7475875118124 -9.15423070008879 0 19.1656497555576 -3.78363851288398 0 0 0 0 0 0 0 0 0 0 0 0 0 0 0 0 0 0 0 0 0 0 0 0 0 0 0 0 0 0 1 0 0 462.176498597506
0 0 29.0306350784768 -26.3812780919013 -24.6795408061088 0 27.9012370955827 -2.6074082288457 26.9683579090311 0 35.5399494545846 0.166134326867629 0 0 0 0 0.401293357844401 0 30.257505375147 -21.9383464018293 0 24.4229212277454 -49.0310128331888 -10.5902635385309 0 -21.7333462564784 0 0 27.5608493484855 37.2537370933311 0 5.20698007478622 0 0 0 0 0 0 0 0 0 0 0 0 0 0 0 0 0 0 0 0 0 0 0 0 0 0 0 0 0 0 1 0 441.632105041256
0 0 0 -43.9716951885106 -31.664247031477 -38.9123286115946 -23.9414868090698 -8.00726369179779 0 0 2.44012730879684 0 14.1791012358236 0 5.17387984071084 0 -40.7226405311218 -8.76091101297741 -12.5066405240245 0 -43.605856171483 -37.1703172425977 11.3262442003445 -21.1537021949954 -30.8524343456784 1.2628832386069 24.9611793346282 19.2556863001866 0 0 13.7904919270781 26.358905799505 0 0 0 0 0 0 0 0 0 0 0 0 0 0 0 0 0 0 0 0 0 0 0 0 0 0 0 0 0 0 0 1 -819.362468488483
-0.953213663036018 41.7902630128446 -22.4155857352688 20.2005195308889 5.53541978217605 71.5422713724306 -15.6745221971991 25.5254427503352 -51.7290855066554 41.8365278308963 7.13536963333469 67.3190263314547 77.1197029482782 -107.369614783821 22.2454584700071 -32.9557057301321 44.0498237205351 -10.5875985396369 -80.3589103319627 -31.0028336027654 31.8821995775218 12.9831759026235 -53.4306236319533 -58.4582664203425 -70.2719493365254 -6.99649866962865 12.4054211188083 7.01662616573314 -23.5083593060501 -59.7341969275797 40.1119147162735 18.1528917797252 0 0 0 0 0 0 0 0 0 0 0 0 0 0 0 0 0 0 0 0 0 0 0 0 0 0 0 0 0 0 0 0 0
