4405094662.564103, 256
4693953328.961748, 512
4719744281.318681, 1024
4745820216.574586, 2048
4693953328.961748, 4096
4719744281.318681, 8192
4719744281.318681, 16384
4693953328.961748, 32768
4693953328.961748, 65536
4693953328.961748, 131072
4668442713.043478, 262144
4569114144.680851, 524288
4497347953.926702, 1048576
4450743311.917099, 2097152
4544938937.566138, 4194304
4544938937.566138, 8388608
4569114144.680851, 16777216
4544938937.566138, 33554432
4569114144.680851, 67108864
4569114144.680851, 134217728
4544938937.566138, 268435456
